# columns=frequency_hz sensitivity
# source_file=CE.csv
5.000680712099999425e+00 7.009050095100003434e-23
5.029292784750013290e+00 6.698295379195317296e-23
5.058068565252709980e+00 6.401318349594512091e-23
5.087008990284762611e+00 6.117508155905570019e-23
5.116115001882167057e+00 5.846281030527656936e-23
5.145387547470906320e+00 5.587079087903136213e-23
5.174827579897791630e+00 5.339369177005286117e-23
5.204436057461469645e+00 5.102641784703290547e-23
5.234213943943628600e+00 4.876409987747512837e-23
5.264162208640364327e+00 4.660208451219806640e-23
5.294281826393728352e+00 4.453592471388381590e-23
5.324573777623466952e+00 4.256137060999862317e-23
5.355039048358927189e+00 4.067436075124561320e-23
5.385678630271158340e+00 3.887101375759929422e-23
5.416493520705191855e+00 3.714762033471212436e-23
5.447484722712502503e+00 3.550063564429006926e-23
5.478653245083656920e+00 3.392667201273798245e-23
5.510000102381158449e+00 3.242249196311554995e-23
5.541526314972465173e+00 3.098500155587881470e-23
5.573232909063206897e+00 2.961124402501942292e-23
5.605120916730586877e+00 2.829839369633211846e-23
5.637191375956978945e+00 2.704375017529806486e-23
5.669445330663712923e+00 2.584473279265938363e-23
5.701883830745057224e+00 2.469887529625479839e-23
5.734507932102390626e+00 2.361701107797912192e-23
5.767318696678580103e+00 2.265815092983321474e-23
5.800317192492533636e+00 2.178458361940682531e-23
5.833504493673981273e+00 2.094954875910376371e-23
5.866881680498430285e+00 2.011296229141932795e-23
5.900449839422330811e+00 1.924104734126945452e-23
5.934210063118439571e+00 1.830661401343709071e-23
5.968163450511390522e+00 1.728977471980784757e-23
6.002311106813461805e+00 1.609339251337270538e-23
6.036654143560554964e+00 1.454754577710777274e-23
6.071193678648374892e+00 1.287045383646444236e-23
6.105930836368818504e+00 1.125079632600461853e-23
6.140866747446567686e+00 9.810275632532604798e-24
6.176002549075904291e+00 8.614121136074807699e-24
6.211339384957718757e+00 7.689459798945158116e-24
6.246878405336739881e+00 7.044643990385378618e-24
6.282620767038980425e+00 6.621967600414806194e-24
6.318567633509388770e+00 6.285172931335879150e-24
6.354720174849720848e+00 6.006581305195946422e-24
6.391079567856628785e+00 5.766057694089018521e-24
6.427646996059968032e+00 5.546686855640537306e-24
6.464423649761315893e+00 5.333998626837955954e-24
6.501410726072725410e+00 5.115620091039726236e-24
6.538609428955687974e+00 4.881253341233114466e-24
6.576020969260324200e+00 4.627637416397354420e-24
6.613646564764795954e+00 4.365880172967837604e-24
6.651487440214950198e+00 4.107120340603124742e-24
6.689544827364181323e+00 3.860332672234716713e-24
6.727819965013529746e+00 3.632472079781031011e-24
6.766314099052003428e+00 3.428772297780641412e-24
6.805028482497128550e+00 3.253137143594167696e-24
6.843964375535751543e+00 3.108469966094353669e-24
6.883123045565036513e+00 2.988834077779484794e-24
6.922505767233740670e+00 2.885571886301887036e-24
6.962113822483693149e+00 2.793637173295560808e-24
7.001948500591529623e+00 2.708626761230215519e-24
7.042011098210654296e+00 2.626651409312736579e-24
7.082302919413450581e+00 2.544268120825633310e-24
7.122825275733728922e+00 2.458462134842463917e-24
7.163579486209419755e+00 2.366458622951325979e-24
7.204566877425506277e+00 2.265314781577852864e-24
7.245788783557202350e+00 2.159279074296140127e-24
7.287246546413400416e+00 2.053555814917447377e-24
7.328941515480317470e+00 1.952489510264895524e-24
7.370875047965451010e+00 1.859611890799179358e-24
7.413048508841739270e+00 1.777764671284066437e-24
7.455463270892001226e+00 1.709273362391692863e-24
7.498120714753617300e+00 1.654719534312545040e-24
7.541022228963472074e+00 1.605516588578647930e-24
7.584169210003153694e+00 1.559677503200028801e-24
7.627563062344401956e+00 1.516952882741217313e-24
7.671205198494846833e+00 1.477115017756368516e-24
7.715097039043955718e+00 1.439955726753062589e-24
7.759240012709301304e+00 1.405284429449429152e-24
7.803635556383054173e+00 1.372926424294731889e-24
7.848285115178760485e+00 1.342721346600360247e-24
7.893190142478377247e+00 1.314521786559507834e-24
7.938352099979583798e+00 1.288192048980345984e-24
7.983772457743361528e+00 1.263607038773401316e-24
8.029452694241843602e+00 1.240651258164779832e-24
8.075394296406448902e+00 1.219217903290531958e-24
8.121598759676261992e+00 1.199208049299773829e-24
8.168067588046735494e+00 1.180529914379922370e-24
8.214802294118637604e+00 1.163445492051414578e-24
8.261804399147276712e+00 1.148434202523579036e-24
8.309075433092040441e+00 1.135155722806237946e-24
8.356616934666181606e+00 1.123267480539500936e-24
8.404430451386906142e+00 1.112444920069731323e-24
8.452517539625757692e+00 1.102378176362243081e-24
8.500879764659265092e+00 1.092769652161049011e-24
8.549518700719893616e+00 1.083332427078887330e-24
8.598435931047308856e+00 1.073789442183091082e-24
8.647633047939880413e+00 1.063873412441684325e-24
8.697111652806539084e+00 1.053327422679981048e-24
8.746873356218889839e+00 1.041906160949254798e-24
8.796919777963640996e+00 1.029377736898125471e-24
8.847252547095333597e+00 1.015526022386261489e-24
8.897873301989362105e+00 1.000153437825680018e-24
8.948783690395311297e+00 9.830098593678755985e-25
8.999985369490579146e+00 9.588913008433510959e-25
9.051480005934344319e+00 9.272998965334405783e-25
9.103269275921784143e+00 8.917548379121201135e-25
9.155354865238670925e+00 8.554217128317932868e-25
9.207738469316216978e+00 8.210312739305457284e-25
9.260421793286278458e+00 7.908950698820804737e-25
9.313406552036854080e+00 7.669956071230789082e-25
9.366694470267908912e+00 7.507972070516718644e-25
9.420287282547509022e+00 7.378215272274539901e-25
9.474186733368286539e+00 7.260337559424621738e-25
9.528394577204231553e+00 7.153057968122000512e-25
9.582912578567782447e+00 7.055190434868638106e-25
9.637742512067292822e+00 6.965630383360348726e-25
9.692886162464759536e+00 6.883343196838264146e-25
9.748345324733946882e+00 6.807354353663767038e-25
9.804121804118805628e+00 6.736741042827853090e-25
9.860217416192233131e+00 6.670625108429770424e-25
9.916633986915170951e+00 6.608167198799762639e-25
9.973373352696047078e+00 6.548562017698561795e-25
1.003043736045055034e+01 6.491034592536370812e-25
1.008782786766173523e+01 6.434837488305864492e-25
1.014554674244051924e+01 6.379248906331585558e-25
1.020359586358644854e+01 6.323571614319230324e-25
1.026197712064889522e+01 6.267132658809296164e-25
1.032069241398852277e+01 6.209283813242033804e-25
1.037974365483919037e+01 6.149402714621673968e-25
1.043913276537011825e+01 6.086894639447709923e-25
1.049886167874848653e+01 6.021194865361484056e-25
1.055893233920236263e+01 5.951771559073157410e-25
1.061934670208396270e+01 5.878129123848075363e-25
1.068010673393333221e+01 5.799811931435219777e-25
1.074121441254232323e+01 5.715779025657016404e-25
1.080267172701901224e+01 5.625066938789083098e-25
1.086448067785241456e+01 5.528765452300066041e-25
1.092664327697761095e+01 5.427990905857571923e-25
1.098916154784125254e+01 5.323813065458154209e-25
1.105203752546741569e+01 5.217248135412606735e-25
1.111527325652383169e+01 5.109253639415886390e-25
1.117887079938851969e+01 5.000725044081936314e-25
1.124283222421680506e+01 4.892493977933467873e-25
1.130715961300866113e+01 4.785327886355764727e-25
1.137185505967653221e+01 4.679930957598737499e-25
1.143692067011344271e+01 4.576946155598810445e-25
1.150235856226159470e+01 4.476958201223181348e-25
1.156817086618126389e+01 4.380497353573011033e-25
1.163435972412015396e+01 4.288043856336499941e-25
1.170092729058314340e+01 4.200032930063928884e-25
1.176787573240240015e+01 4.116860208968577466e-25
1.183520722880790643e+01 4.038887539890287916e-25
1.190292397149840298e+01 3.966449080963556702e-25
1.197102816471275055e+01 3.899857658036916684e-25
1.203952202530163618e+01 3.839411357847170766e-25
1.210840778279978380e+01 3.785400358353776490e-25
1.217768767949847941e+01 3.738114018627205566e-25
1.224736397051860415e+01 3.697674217686439965e-25
1.231743892388400141e+01 3.660885014513411925e-25
1.238791482059532356e+01 3.626325829254995560e-25
1.245879395470428719e+01 3.593839691230466551e-25
1.253007863338833516e+01 3.563276889723933729e-25
1.260177117702573035e+01 3.534494293003744372e-25
1.267387391927108986e+01 3.507354729145836233e-25
1.274638920713137757e+01 3.481726423865400024e-25
1.281931940104224843e+01 3.457482491116824927e-25
1.289266687494491848e+01 3.434500472718536914e-25
1.296643401636343462e+01 3.412661923699292290e-25
1.304062322648239558e+01 3.391852040453349906e-25
1.311523692022508136e+01 3.371959329137546832e-25
1.319027752633208905e+01 3.352875312047754370e-25
1.326574748744040022e+01 3.334494269979487240e-25
1.334164926016285335e+01 3.316713018810022714e-25
1.341798531516815096e+01 3.299430718739338082e-25
1.349475813726123974e+01 3.282548714799176257e-25
1.357197022546423781e+01 3.265970407381851683e-25
1.364962409309774038e+01 3.249601151658039844e-25
1.372772226786264582e+01 3.233348184844412448e-25
1.380626729192244717e+01 3.217120580352814469e-25
1.388526172198597308e+01 3.200829227897061007e-25
1.396470812939059591e+01 3.184386838662342215e-25
1.404460910018594078e+01 3.167707974645344181e-25
1.412496723521808661e+01 3.150709101262178471e-25
1.420578515021418120e+01 3.133308662288381346e-25
1.428706547586763520e+01 3.115427176148675769e-25
1.436881085792369994e+01 3.096987352508033288e-25
1.445102395726564737e+01 3.077914228039268626e-25
1.453370745000133013e+01 3.058135320147997034e-25
1.461686402755031722e+01 3.037580797332479650e-25
1.470049639673151098e+01 3.016183664741847199e-25
1.478460727985124734e+01 2.993879963371019678e-25
1.486919941479189333e+01 2.970608981202015800e-25
1.495427555510097584e+01 2.946313474464769583e-25
1.503983847008084673e+01 2.920939897053218626e-25
1.512589094487876196e+01 2.894438635994366382e-25
1.521243578057760715e+01 2.866764250730688957e-25
1.529947579428701054e+01 2.837850257086790738e-25
1.538701381923510958e+01 2.803879423855716062e-25
1.547505270486071360e+01 2.763153758578999189e-25
1.556359531690608655e+01 2.717121819328819390e-25
1.565264453751024476e+01 2.667190186533958717e-25
1.574220326530272374e+01 2.614701729653448896e-25
1.583227441549799153e+01 2.560920501373537866e-25
1.592286091999028308e+01 2.507022841058839167e-25
1.601396572744909363e+01 2.454094114469701978e-25
1.610559180341509844e+01 2.403130438716442689e-25
1.619774213039673327e+01 2.355044730214225253e-25
1.629041970796725636e+01 2.310676458071082552e-25
1.638362755286241068e+01 2.270804575266488864e-25
1.647736869907856772e+01 2.236163226052320875e-25
1.657164619797153193e+01 2.207459983511781620e-25
1.666646311835586758e+01 2.185396552459354375e-25
1.676182254660478321e+01 2.170105082277671781e-25
1.685772758675054206e+01 2.156922275780991032e-25
1.695418136058559710e+01 2.144631405534324724e-25
1.705118700776415963e+01 2.133168060257668158e-25
1.714874768590436815e+01 2.122469899057660620e-25
1.724686657069111106e+01 2.112476443022405719e-25
1.734554685597940349e+01 2.103128885362849465e-25
1.744479175389833259e+01 2.094369919022372191e-25
1.754460449495560326e+01 2.086143580807421394e-25
1.764498832814270202e+01 2.078395111210584575e-25
1.774594652104070036e+01 2.071070829202694584e-25
1.784748235992653775e+01 2.064118021362846162e-25
1.794959914988003646e+01 2.057484844798510262e-25
1.805230021489150261e+01 2.051120243378241268e-25
1.815558889796990272e+01 2.044973876862146322e-25
1.825946856125165851e+01 2.038996062567460673e-25
1.836394258611011665e+01 2.033137729249517539e-25
1.846901437326562956e+01 2.027350382914571087e-25
1.857468734289622248e+01 2.021586084306336718e-25
1.868096493474892839e+01 2.015797437828204393e-25
1.878785060825174824e+01 2.009937591673253822e-25
1.889534784262630396e+01 2.003960248938095059e-25
1.900346013700102077e+01 1.997819689493252225e-25
1.911219101052506986e+01 1.991470802371582079e-25
1.922154400248292205e+01 1.985052449648748393e-25
1.933152267240954814e+01 1.978805131680787646e-25
1.944213060020626571e+01 1.972719167745282330e-25
1.955337138625727889e+01 1.966782930151394283e-25
1.966524865154689294e+01 1.960984950439563133e-25
1.977776603777737208e+01 1.955313911469483180e-25
1.989092720748745435e+01 1.949758640171577735e-25
2.000473584417158790e+01 1.944308100945634066e-25
2.011919565239986341e+01 1.938951389692045558e-25
2.023431035793853994e+01 1.933677728461139124e-25
2.035008370787135590e+01 1.928476460707984612e-25
2.046651947072151501e+01 1.923337047139387040e-25
2.058362143657434373e+01 1.918249062142392898e-25
2.070139341720062731e+01 1.913202190782130842e-25
2.081983924618071669e+01 1.908186226358922063e-25
2.093896277902933534e+01 1.903191068514116471e-25
2.105876789332106824e+01 1.898206721874792248e-25
2.117925848881650097e+01 1.893223295227276560e-25
2.130043848758929670e+01 1.888231001210578239e-25
2.142231183415377771e+01 1.883220156519456268e-25
2.154488249559332402e+01 1.878181182608148989e-25
2.166815446168952164e+01 1.873104606885126128e-25
2.179213174505204975e+01 1.867981064389132976e-25
2.191681838124928206e+01 1.862801299936424596e-25
2.204221842893961991e+01 1.857556170729593699e-25
2.216833597000362488e+01 1.852236649416869764e-25
2.229517510967693639e+01 1.846833827591374021e-25
2.242273997668381114e+01 1.841338919718802853e-25
2.255103472337156845e+01 1.835743267481879970e-25
2.268006352584576035e+01 1.830038344528823698e-25
2.280983058410610553e+01 1.824215761612835113e-25
2.294034012218315155e+01 1.818245445003528213e-25
2.307159638827582882e+01 1.812029167687963595e-25
2.320360365488971510e+01 1.805581985058779990e-25
2.333636621897612784e+01 1.798933897674120565e-25
2.346988840207193761e+01 1.792114574367380010e-25
2.360417455044027690e+01 1.785153322663627062e-25
2.373922903521205541e+01 1.778079063982202198e-25
2.387505625252815733e+01 1.770920313537076107e-25
2.401166062368257670e+01 1.763705164837543185e-25
2.414904659526638397e+01 1.756461278683220464e-25
2.428721863931239966e+01 1.749215876542054010e-25
2.442618125344078450e+01 1.741995738196029886e-25
2.456593896100542906e+01 1.734827203537063423e-25
2.470649631124122791e+01 1.727736178395915941e-25
2.484785787941216739e+01 1.720748144288038646e-25
2.499002826696014168e+01 1.713888171964259853e-25
2.513301210165489152e+01 1.707180938658113118e-25
2.527681403774456115e+01 1.700650748929212668e-25
2.542143875610718595e+01 1.694321559009105619e-25
2.556689096440306841e+01 1.688217004566066972e-25
2.571317539722806700e+01 1.682360431815258308e-25
2.586029681626765608e+01 1.676774931913913817e-25
2.600826001045193081e+01 1.671483378593323948e-25
2.615706979611148242e+01 1.666508039279573464e-25
2.630673101713424344e+01 1.661646234356536909e-25
2.645724854512306123e+01 1.656724044571115952e-25
2.660862727955431950e+01 1.651752679341822983e-25
2.676087214793744806e+01 1.646743225437016215e-25
2.691398810597528879e+01 1.641706644098849116e-25
2.706798013772538525e+01 1.636653768901748825e-25
2.722285325576224224e+01 1.631595304330976473e-25
2.737861250134051261e+01 1.626541825067676137e-25
2.753526294455906864e+01 1.621503775965025849e-25
2.769280968452602565e+01 1.616491472701763554e-25
2.785125784952472472e+01 1.611515103097895665e-25
2.801061259718072094e+01 1.606584729078637032e-25
2.817087911462958161e+01 1.601710289272312003e-25
2.833206261868577513e+01 1.596901602228750506e-25
2.849416835601250853e+01 1.592168370244791841e-25
2.865720160329248145e+01 1.587520183784685042e-25
2.882116766739962088e+01 1.582966526483304150e-25
2.898607188557185665e+01 1.578516780721344814e-25
2.915191962558487049e+01 1.574180233762704045e-25
2.931871628592681134e+01 1.569966084444339325e-25
2.948646729597396998e+01 1.565883450411455859e-25
2.965517811616755139e+01 1.561941375890955660e-25
2.982485423819146675e+01 1.558148839997439770e-25
2.999550118515099228e+01 1.554514765568455914e-25
3.016712451175259346e+01 1.551048028525544318e-25
3.033972980448478651e+01 1.547757467760824321e-25
3.051332268179992013e+01 1.544651895549311659e-25
3.068790879429706919e+01 1.541740108489440683e-25
3.086349382490596227e+01 1.539030898976144754e-25
3.104008348907202119e+01 1.536533067212337621e-25
3.121768353494237047e+01 1.534255433767298133e-25
3.139629974355285214e+01 1.532206852692038615e-25
3.157593792901637997e+01 1.530396225204152270e-25
3.175660393871208598e+01 1.528832513957210510e-25
3.193830365347563927e+01 1.527524757911818463e-25
3.212104298779071598e+01 1.526482087828418843e-25
3.230482788998154575e+01 1.525713742404284850e-25
3.248966434240648482e+01 1.525229085080555188e-25
3.267555836165274741e+01 1.525037621547294157e-25
3.286251599873226326e+01 1.525034760500002903e-25
3.305054333927869692e+01 1.525034760500002903e-25
3.323964650374544050e+01 1.525034760500002903e-25
3.342983164760488535e+01 1.525034760500002903e-25
3.362110496154883066e+01 1.525034760500002903e-25
3.381347267168996495e+01 1.525034760500002903e-25
3.400694103976448446e+01 1.525034760500002903e-25
3.420151636333594780e+01 1.525034760500002903e-25
3.439720497600032445e+01 1.525034760500002903e-25
3.459401324759210894e+01 1.525034760500002903e-25
3.479194758439162882e+01 1.525034760500002903e-25
3.499101442933362449e+01 1.525034760500002903e-25
3.519122026221700139e+01 1.525034760500002903e-25
3.539257159991566226e+01 1.525034760500002903e-25
3.559507499659069651e+01 1.525034760500002903e-25
3.579873704390372779e+01 1.525034760500002903e-25
3.600356437123149789e+01 1.525034760500002903e-25
3.620956364588155907e+01 1.525034760500002903e-25
3.641674157330939465e+01 1.525034760500002903e-25
3.662510489733666930e+01 1.525034760500002903e-25
3.683466040037078670e+01 1.525034760500002903e-25
3.704541490362547762e+01 1.525034760500002903e-25
3.725737526734309313e+01 1.525034760500002903e-25
3.747054839101777901e+01 1.525034760500002903e-25
3.768494121362001437e+01 1.525034760500002903e-25
3.790056071382257130e+01 1.525034760500002903e-25
3.811741391022764702e+01 1.525034760500002903e-25
3.833550786159534596e+01 1.525034760500002903e-25
3.855484966707337691e+01 1.525034760500002903e-25
3.877544646642819259e+01 1.525034760500002903e-25
3.899730544027743662e+01 1.525034760500002903e-25
3.922043381032357701e+01 1.525034760500002903e-25
3.944483883958902481e+01 1.525034760500002903e-25
3.967052783265261695e+01 1.525034760500002903e-25
3.989750813588729983e+01 1.525034760500002903e-25
4.012578713769926964e+01 1.525034760500002903e-25
4.035537226876849104e+01 1.525034760500002903e-25
4.058627100229059437e+01 1.525034760500002903e-25
4.081849085422012280e+01 1.525034760500002903e-25
4.105203938351514381e+01 1.525034760500002903e-25
4.128692419238330302e+01 1.525034760500002903e-25
4.152315292652939149e+01 1.525034760500002903e-25
4.176073327540405700e+01 1.525034760500002903e-25
4.199967297245419928e+01 1.525034760500002903e-25
4.223997979537470826e+01 1.525034760500002903e-25
4.248166156636162327e+01 1.525034760500002903e-25
4.272472615236668503e+01 1.525034760500002903e-25
4.296918146535347205e+01 1.525034760500002903e-25
4.321503546255497952e+01 1.525034760500002903e-25
4.346229614673258368e+01 1.525034760500002903e-25
4.371097156643650550e+01 1.525034760500002903e-25
4.396106981626783750e+01 1.525034760500002903e-25
4.421259903714209827e+01 1.525034760500002903e-25
4.446556741655408018e+01 1.525034760500002903e-25
4.471998318884444501e+01 1.525034760500002903e-25
4.497585463546780460e+01 1.525034760500002903e-25
4.523319008526222262e+01 1.525034760500002903e-25
4.549199791472030086e+01 1.525034760500002903e-25
4.575228654826186414e+01 1.525034760500002903e-25
4.601406445850830096e+01 1.525034760500002903e-25
4.627734016655814031e+01 1.525034760500002903e-25
4.654212224226456129e+01 1.525034760500002903e-25
4.680841930451435218e+01 1.525034760500002903e-25
4.707624002150843978e+01 1.525034760500002903e-25
4.734559311104398915e+01 1.525034760500002903e-25
4.761648734079820855e+01 1.525034760500002903e-25
4.788893152861382418e+01 1.525034760500002903e-25
4.816293454278604713e+01 1.525034760500002903e-25
4.843850530235118157e+01 1.525034760500002903e-25
4.871565277737700939e+01 1.525034760500002903e-25
4.899438598925485877e+01 1.525034760500002903e-25
4.927471401099307258e+01 1.525034760500002903e-25
4.955664596751245909e+01 1.525034760500002903e-25
4.984019103594334155e+01 1.525034760500002903e-25
5.012535844592427736e+01 1.525034760500002903e-25
5.041215747990227669e+01 1.525034760500002903e-25
5.070059747343530177e+01 1.525034760500002903e-25
5.099068781549591023e+01 1.525034760500002903e-25
5.128243794877699457e+01 1.525034760500002903e-25
5.157585736999894976e+01 1.525034760500002903e-25
5.187095563021907907e+01 1.525034760500002903e-25
5.216774233514232861e+01 1.525034760500002903e-25
5.246622714543401855e+01 1.525034760500002903e-25
5.276641977703413033e+01 1.525034760500002903e-25
5.306833000147386059e+01 1.525034760500002903e-25
5.337196764619356060e+01 1.525034760500002903e-25
5.367734259486244497e+01 1.525034760500002903e-25
5.398446478770063806e+01 1.525034760500002903e-25
5.429334422180253483e+01 1.525034760500002903e-25
5.460399095146232185e+01 1.525034760500002903e-25
5.491641508850101161e+01 1.525034760500002903e-25
5.523062680259594970e+01 1.525034760500002903e-25
5.554663632161160791e+01 1.525034760500002903e-25
5.586445393193262987e+01 1.525034760500002903e-25
5.618408997879843270e+01 1.525034760500002903e-25
5.650555486664030269e+01 1.525034760500002903e-25
5.682885905941987659e+01 1.525034760500002903e-25
5.715401308096959809e+01 1.525034760500002903e-25
5.748102751533561872e+01 1.525034760500002903e-25
5.780991300712209124e+01 1.525034760500002903e-25
5.814068026183777249e+01 1.525034760500002903e-25
5.847334004624426029e+01 1.525034760500002903e-25
5.880790318870680267e+01 1.525034760500002903e-25
5.914438057954657779e+01 1.525034760500002903e-25
5.948278317139524063e+01 1.525034760500002903e-25
5.982312197955126010e+01 1.525034760500002903e-25
6.016540808233878579e+01 1.525034760500002903e-25
6.050965262146812762e+01 1.525034760500002903e-25
6.085586680239818946e+01 1.525034760500002903e-25
6.120406189470163127e+01 1.525034760500002903e-25
6.155424923243143098e+01 1.525034760500002903e-25
6.190644021448995460e+01 1.525034760500002903e-25
6.226064630499973873e+01 1.525034760500002903e-25
6.261687903367705132e+01 1.525034760500002903e-25
6.297514999620698006e+01 1.525034760500002903e-25
6.333547085462072346e+01 1.525034760500002903e-25
6.369785333767554647e+01 1.525034760500002903e-25
6.406230924123633486e+01 1.525034760500002903e-25
6.442885042865967193e+01 1.525034760500002903e-25
6.479748883117977698e+01 1.525034760500002903e-25
6.516823644829717921e+01 1.525034760500002903e-25
6.554110534816918232e+01 1.525034760500002903e-25
6.591610766800270937e+01 1.525034760500002903e-25
6.629325561444917980e+01 1.525034760500002903e-25
6.667256146400218597e+01 1.525034760500002903e-25
6.705403756339700294e+01 1.524665759263073585e-25
6.743769633001217301e+01 1.521654947376029580e-25
6.782355025227418821e+01 1.515978051050174809e-25
6.821161189006367920e+01 1.508082507215649677e-25
6.860189387512441783e+01 1.498418103621494468e-25
6.899440891147418142e+01 1.487431253927826459e-25
6.938916977581874335e+01 1.475560558569434495e-25
6.978618931796744107e+01 1.463233649680410446e-25
7.018548046125161477e+01 1.450865288061284598e-25
7.058705620294500704e+01 1.438856660026257187e-25
7.099092961468718954e+01 1.427595811632719937e-25
7.139711384290893648e+01 1.417459156674577490e-25
7.180562210925987188e+01 1.408814002231192280e-25
7.221646771103930007e+01 1.402022050868651053e-25
7.262966402162874147e+01 1.397443861321418019e-25
7.304522449092743841e+01 1.395444279458050423e-25
7.346316264578979371e+01 1.395627018987061866e-25
7.388349209046620558e+01 1.396571521869153752e-25
7.430622650704560783e+01 1.398187736936903554e-25
7.473137965590062493e+01 1.400429519006729601e-25
7.515896537613596706e+01 1.403251297084953578e-25
7.558899758603858743e+01 1.406607871793825664e-25
7.602149028353086635e+01 1.410454228942806629e-25
7.645645754662596971e+01 1.414745368689717258e-25
7.689391353388654693e+01 1.419436149906896632e-25
7.733387248488531895e+01 1.424481149521366737e-25
7.777634872066873584e+01 1.429834536737915202e-25
7.822135664422280854e+01 1.435449962178915284e-25
7.866891074094240821e+01 1.441280462086013943e-25
7.911902557910256917e+01 1.447278377825938807e-25
7.957171581033247776e+01 1.453395291025838034e-25
8.002699617009280075e+01 1.459581974732828088e-25
8.048488147815507432e+01 1.465788361045767026e-25
8.094538663908424780e+01 1.471963525707163143e-25
8.140852664272351547e+01 1.478055690165112597e-25
8.187431656468274355e+01 1.484012241622262437e-25
8.234277156682885845e+01 1.489779771577564664e-25
8.281390689777953185e+01 1.495304133337822695e-25
8.328773789339923894e+01 1.500530518928491585e-25
8.376427997729894059e+01 1.505403555766504938e-25
8.424354866133784014e+01 1.509867423371251680e-25
8.472555954612812457e+01 1.513865990283534309e-25
8.521032832154325831e+01 1.517342971235500927e-25
8.569787076722833774e+01 1.520242104467691116e-25
8.618820275311392720e+01 1.522507348922879213e-25
8.668134023993229675e+01 1.524083100860619992e-25
8.717729927973746840e+01 1.524914429232833409e-25
8.767609601642739392e+01 1.524979774322537967e-25
8.817774668626960022e+01 1.524486375981801858e-25
8.868226761842933570e+01 1.523503436213753118e-25
8.918967523550169574e+01 1.522058876567347829e-25
8.969998605404583714e+01 1.520180952633645422e-25
9.021321668512239000e+01 1.517898172892726715e-25
9.072938383483470659e+01 1.515239222310297434e-25
9.124850430487228437e+01 1.512232890862211554e-25
9.177059499305782708e+01 1.508908007128410455e-25
9.229567289389696327e+01 1.505293377062970529e-25
9.282375509913197220e+01 1.501417728014647847e-25
9.335485879829785461e+01 1.497309658042282139e-25
9.388900127928158668e+01 1.492997590542554552e-25
9.442619992888538150e+01 1.488509734182809496e-25
9.496647223339236632e+01 1.483874048109611531e-25
9.550983577913585520e+01 1.479118212385165991e-25
9.605630825307146381e+01 1.474269603586478423e-25
9.660590744335344482e+01 1.469355275489216775e-25
9.715865123991325447e+01 1.464401944746297296e-25
9.771455763504215497e+01 1.459435981463434118e-25
9.827364472397640327e+01 1.454483404567446534e-25
9.883593070548694470e+01 1.449569881859692802e-25
9.940143388247140877e+01 1.444720734645807901e-25
9.997017266254967183e+01 1.439960946834244940e-25
1.005421655586636120e+02 1.435315178399363940e-25
1.011174311896792659e+02 1.430807783110243143e-25
1.016959882809932054e+02 1.426462830434273206e-25
1.022778556651415158e+02 1.422304131534192813e-25
1.028630522824135767e+02 1.418355269288566870e-25
1.034515971814680313e+02 1.414639632279674989e-25
1.040435095199531332e+02 1.411180452707754289e-25
1.046388085651299349e+02 1.408000848208474412e-25
1.052375136945000094e+02 1.405123867568876635e-25
1.058396443964359435e+02 1.402572540358750592e-25
1.064452202708153692e+02 1.400369930517121531e-25
1.070542610296596138e+02 1.398539193958317770e-25
1.076667864977748792e+02 1.397103640289321621e-25
1.082828166133977987e+02 1.396086798759060448e-25
1.089023714288439919e+02 1.395512488591625618e-25
1.095254711111614938e+02 1.395386553899997921e-25
1.101521359427867708e+02 1.395386553899997921e-25
1.107823863222047294e+02 1.395386553899997921e-25
1.114162427646132585e+02 1.395386553899997921e-25
1.120537259025906565e+02 1.395386553899997921e-25
1.126948564867674065e+02 1.395386553899997921e-25
1.133396553865012066e+02 1.395386553899997921e-25
1.139881435905569447e+02 1.395386553899997921e-25
1.146403422077894874e+02 1.395386553899997921e-25
1.152962724678309741e+02 1.395386553899997921e-25
1.159559557217813790e+02 1.395386553899997921e-25
1.166194134429043032e+02 1.395386553899997921e-25
1.172866672273255091e+02 1.395386553899997921e-25
1.179577387947355334e+02 1.395386553899997921e-25
1.186326499890974873e+02 1.395386553899997921e-25
1.193114227793574997e+02 1.395386553899997921e-25
1.199940792601601629e+02 1.395386553899997921e-25
1.206806416525671892e+02 1.395386553899997921e-25
1.213711323047814830e+02 1.395386553899997921e-25
1.220655736928740964e+02 1.395386553899997921e-25
1.227639884215160890e+02 1.395386553899997921e-25
1.234663992247138538e+02 1.395386553899997921e-25
1.241728289665498295e+02 1.395386553899997921e-25
1.248833006419264251e+02 1.395386553899997921e-25
1.255978373773141215e+02 1.395386553899997921e-25
1.263164624315050020e+02 1.395386553899997921e-25
1.270391991963693670e+02 1.395386553899997921e-25
1.277660711976174071e+02 1.395386553899997921e-25
1.284971020955644292e+02 1.395386553899997921e-25
1.292323156859019093e+02 1.395386553899997921e-25
1.299717359004713728e+02 1.395386553899997921e-25
1.307153868080438031e+02 1.395386553899997921e-25
1.314632926151025458e+02 1.395591939487424653e-25
1.322154776666319833e+02 1.396257853541643845e-25
1.329719664469096188e+02 1.397361445859871941e-25
1.337327835803027085e+02 1.398878961870940172e-25
1.344979538320705217e+02 1.400786922365682311e-25
1.352675021091700103e+02 1.403062054065851842e-25
1.360414534610667943e+02 1.405681224543515941e-25
1.368198330805499836e+02 1.408621381345554123e-25
1.376026663045530825e+02 1.411859495208331506e-25
1.383899786149782472e+02 1.415372507277208531e-25
1.391817956395254043e+02 1.419137280270691530e-25
1.399781431525272808e+02 1.423130553555127666e-25
1.407790470757877586e+02 1.427328902117117811e-25
1.415845334794260282e+02 1.431708699442248692e-25
1.423946285827245219e+02 1.436246084327216468e-25
1.432093587549833273e+02 1.440916931669639527e-25
1.440287505163778690e+02 1.445696827294304903e-25
1.448528305388225021e+02 1.450561046888558154e-25
1.456816256468381425e+02 1.455484539130116112e-25
1.465151628184263188e+02 1.460441913100167018e-25
1.473534691859467216e+02 1.465407430081700090e-25
1.481965720370002089e+02 1.470354999848156465e-25
1.490444988153177235e+02 1.475258181550584661e-25
1.498972771216530759e+02 1.480090189311740131e-25
1.507549347146817524e+02 1.484823902634553258e-25
1.516174995119037021e+02 1.489431881727709272e-25
1.524849995905532296e+02 1.493886387845319989e-25
1.533574631885120425e+02 1.498159408727652360e-25
1.542349187052289778e+02 1.502222689219426589e-25
1.551173947026436508e+02 1.506047767126709637e-25
1.560049199061171805e+02 1.509606014357401229e-25
1.568975232053666957e+02 1.512868683369969488e-25
1.577952336554053829e+02 1.515806958933085432e-25
1.586980804774889577e+02 1.518392015173433017e-25
1.596060930600664562e+02 1.520595077861467360e-25
1.605193009597370519e+02 1.522387491854293974e-25
1.614377339022115052e+02 1.523740793582229904e-25
1.623614217832807469e+02 1.524626788430108653e-25
1.632903946697885260e+02 1.525017632827675847e-25
1.642246828006096564e+02 1.525034760500002903e-25
1.651643165876352271e+02 1.525034760500002903e-25
1.661093266167619618e+02 1.525034760500002903e-25
1.670597436488880589e+02 1.525034760500002903e-25
1.680155986209138916e+02 1.525034760500002903e-25
1.689769226467499834e+02 1.525034760500002903e-25
1.699437470183291907e+02 1.525034760500002903e-25
1.709161032066255359e+02 1.525034760500002903e-25
1.718940228626780140e+02 1.525034760500002903e-25
1.728775378186217608e+02 1.525034760500002903e-25
1.738666800887239106e+02 1.525034760500002903e-25
1.748614818704249387e+02 1.525034760500002903e-25
1.758619755453879065e+02 1.525034760500002903e-25
1.768681936805517978e+02 1.525034760500002903e-25
1.778801690291919329e+02 1.525034760500002903e-25
1.788979345319853280e+02 1.525034760500002903e-25
1.799215233180841835e+02 1.525034760500002903e-25
1.809509687061933789e+02 1.525034760500002903e-25
1.819863042056555003e+02 1.525034760500002903e-25
1.830275635175408127e+02 1.525034760500002903e-25
1.840747805357454183e+02 1.525034760500002903e-25
1.851279893480939052e+02 1.525034760500002903e-25
1.861872242374483903e+02 1.525034760500002903e-25
1.872525196828256639e+02 1.525034760500002903e-25
1.883239103605185960e+02 1.525034760500002903e-25
1.894014311452254731e+02 1.525034760500002903e-25
1.904851171111842518e+02 1.525034760500002903e-25
1.915750035333154813e+02 1.525034760500002903e-25
1.926711258883697724e+02 1.525034760500002903e-25
1.937735198560829701e+02 1.525034760500002903e-25
1.948822213203367539e+02 1.525034760500002903e-25
1.959972663703278783e+02 1.525034760500002903e-25
1.971186913017424160e+02 1.525034760500002903e-25
1.982465326179363956e+02 1.525034760500002903e-25
1.993808270311255058e+02 1.525034760500002903e-25
2.005216114635789779e+02 1.525034760500002903e-25
2.016689230488221938e+02 1.525034760500002903e-25
2.028227991328442670e+02 1.525034760500002903e-25
2.039832772753151460e+02 1.525034760500002903e-25
2.051503952508075486e+02 1.525034760500002903e-25
2.063241910500258314e+02 1.525034760500002903e-25
2.075047028810439826e+02 1.525034760500002903e-25
2.086919691705484752e+02 1.525034760500002903e-25
2.098860285650894753e+02 1.525034760500002903e-25
2.110869199323379632e+02 1.525034760500002903e-25
2.122946823623522334e+02 1.525034760500002903e-25
2.135093551688494529e+02 1.525034760500002903e-25
2.147309778904856898e+02 1.525034760500002903e-25
2.159595902921422521e+02 1.525034760500002903e-25
2.171952323662211768e+02 1.525034760500002903e-25
2.184379443339464899e+02 1.525034760500002903e-25
2.196877666466727135e+02 1.525034760500002903e-25
2.209447399872029791e+02 1.525034760500002903e-25
2.222089052711123145e+02 1.525034760500002903e-25
2.234803036480800813e+02 1.525034760500002903e-25
2.247589765032283537e+02 1.525034760500002903e-25
2.260449654584704433e+02 1.525034760500002903e-25
2.273383123738649374e+02 1.525034760500002903e-25
2.286390593489786340e+02 1.525034760500002903e-25
2.299472487242559566e+02 1.525034760500002903e-25
2.312629230823986859e+02 1.525034760500002903e-25
2.325861252497512623e+02 1.525034760500002903e-25
2.339168982976942175e+02 1.525034760500002903e-25
2.352552855440474389e+02 1.525034760500002903e-25
2.366013305544794321e+02 1.525034760500002903e-25
2.379550771439257915e+02 1.525034760500002903e-25
2.393165693780144920e+02 1.525034760500002903e-25
2.406858515745016973e+02 1.525034760500002903e-25
2.420629683047136211e+02 1.525034760500002903e-25
2.434479643949966317e+02 1.525034760500002903e-25
2.448408849281778430e+02 1.525048751372738751e-25
2.462417752450316186e+02 1.525471560174423422e-25
2.476506809457559939e+02 1.526460498527219547e-25
2.490676478914559482e+02 1.527985218908837663e-25
2.504927222056377332e+02 1.530015835157520757e-25
2.519259502757092832e+02 1.532522817875086634e-25
2.533673787544906020e+02 1.535476896422401367e-25
2.548170545617313110e+02 1.538848967231519030e-25
2.562750248856396524e+02 1.542610008214815835e-25
2.577413371844173753e+02 1.546730999100267233e-25
2.592160391878042560e+02 1.551182847569573997e-25
2.606991788986327947e+02 1.555936321118406315e-25
2.621908045943901016e+02 1.560961984597739070e-25
2.636909648287896744e+02 1.566230143431586891e-25
2.651997084333507928e+02 1.571710792539878896e-25
2.667170845189899069e+02 1.577373571024903232e-25
2.682431424776177096e+02 1.583187722706879483e-25
2.697779319837478624e+02 1.589122062617895225e-25
2.713215029961126561e+02 1.595144949583780615e-25
2.728739057592907216e+02 1.601224265041088336e-25
2.744351908053420175e+02 1.607327398249518618e-25
2.760054089554516281e+02 1.613421238070981943e-25
2.775846113215857827e+02 1.619472171492532311e-25
2.791728493081544684e+02 1.625446089073643644e-25
2.807701746136853558e+02 1.631308397496866087e-25
2.823766392325051697e+02 1.637024039395650766e-25
2.839922954564343058e+02 1.642557520623662890e-25
2.856171958764878127e+02 1.647872945116086649e-25
2.872513933845864926e+02 1.652934057474919122e-25
2.888949411752802803e+02 1.657704293387337719e-25
2.905478927474787270e+02 1.662146837958540891e-25
2.922103019061929103e+02 1.666224692008099317e-25
2.938822227642856433e+02 1.670089834082131404e-25
2.955637097442348136e+02 1.674030248895391074e-25
2.972548175799034311e+02 1.678043899353069231e-25
2.989556013183221239e+02 1.682124506363616510e-25
3.006661163214797625e+02 1.686265733694604200e-25
3.023864182681271018e+02 1.690461185480001229e-25
3.041165631555883806e+02 1.694704403968698865e-25
3.058566073015834377e+02 1.698988867517830737e-25
3.076066073460622192e+02 1.703307988835415214e-25
3.093666202530476994e+02 1.707655113476278005e-25
3.111367033124905106e+02 1.712023518596049501e-25
3.129169141421324980e+02 1.716406411967750797e-25
3.147073106893843146e+02 1.720796931265691020e-25
3.165079512332100649e+02 1.725188143621671614e-25
3.183188943860253062e+02 1.729573045458384114e-25
3.201401990956035206e+02 1.733944562604913953e-25
3.219719246469967402e+02 1.738295550699454261e-25
3.238141306644645283e+02 1.742618795884102465e-25
3.256668771134137614e+02 1.746907015796581941e-25
3.275302243023525079e+02 1.751152860863644415e-25
3.294042328848517514e+02 1.755348915901089510e-25
3.312889638615204717e+02 1.759487702024495222e-25
3.331844785819899357e+02 1.763561678875164337e-25
3.350908387469125387e+02 1.767563247165306625e-25
3.370081064099691730e+02 1.771484751546233817e-25
3.389363439798894433e+02 1.775318483802962942e-25
3.408756142224820564e+02 1.779056686378320613e-25
3.428259802626797068e+02 1.782691556229311123e-25
3.447875055865930563e+02 1.786215249018047214e-25
3.467602540435760829e+02 1.789619883638808187e-25
3.487442898483066074e+02 1.792897547082951381e-25
3.507396775828748900e+02 1.796040299641914656e-25
3.527464821988870085e+02 1.799040180448747473e-25
3.547647690195771588e+02 1.801889213357744228e-25
3.567946037419364984e+02 1.804579413160762353e-25
3.588360524388502881e+02 1.807102792138582482e-25
3.608891815612477671e+02 1.809451366944632758e-25
3.629540579402673188e+02 1.811617165817610028e-25
3.650307487894302767e+02 1.813592236119020994e-25
3.671193217068296804e+02 1.815368652190292987e-25
3.692198446773290357e+02 1.816938523523652412e-25
3.713323860747776166e+02 1.818294003240062995e-25
3.734570146642346344e+02 1.819427296865959527e-25
3.755937996042082432e+02 1.820330671400700196e-25
3.777428104489052316e+02 1.820996464664033149e-25
3.799041171504973136e+02 1.821417094913755717e-25
3.820777900613970814e+02 1.821585070720882884e-25
3.842638999365468635e+02 1.821588017399997022e-25
3.864625179357241223e+02 1.821588017399997022e-25
3.886737156258562322e+02 1.821588017399997022e-25
3.908975649833508328e+02 1.821588017399997022e-25
3.931341383964372085e+02 1.821588017399997022e-25
3.953835086675247794e+02 1.821588017399997022e-25
3.976457490155715959e+02 1.821588017399997022e-25
3.999209330784681811e+02 1.821588017399997022e-25
4.022091349154330260e+02 1.821588017399997022e-25
4.045104290094257067e+02 1.821588017399997022e-25
4.068248902695702895e+02 1.821588017399997022e-25
4.091525940335920382e+02 1.821588017399997022e-25
4.114936160702727079e+02 1.821588017399997022e-25
4.138480325819149357e+02 1.821588017399997022e-25
4.162159202068235118e+02 1.821588017399997022e-25
4.185973560217984755e+02 1.821588017399997022e-25
4.209924175446464574e+02 1.821588017399997022e-25
4.234011827367028218e+02 1.821588017399997022e-25
4.258237300053678496e+02 1.821588017399997022e-25
4.282601382066617930e+02 1.821588017399997022e-25
4.307104866477898213e+02 1.821588017399997022e-25
4.331748550897245877e+02 1.821588017399997022e-25
4.356533237498004496e+02 1.821588017399997022e-25
4.381459733043276401e+02 1.821588017399997022e-25
4.406528848912162175e+02 1.821588017399997022e-25
4.431741401126183746e+02 1.821588017399997022e-25
4.457098210375827421e+02 1.821588017399997022e-25
4.482600102047283599e+02 1.821588017399997022e-25
4.508247906249302446e+02 1.821588017399997022e-25
4.534042457840200200e+02 1.821588017399997022e-25
4.559984596455062160e+02 1.821588017399997022e-25
4.586075166533054244e+02 1.821588017399997022e-25
4.612315017344921557e+02 1.821588017399997022e-25
4.638705003020610889e+02 1.821588017399997022e-25
4.665245982577105224e+02 1.821588017399997022e-25
4.691938819946364561e+02 1.821588017399997022e-25
4.718784384003456012e+02 1.821588017399997022e-25
4.745783548594820900e+02 1.821588017399997022e-25
4.772937192566744216e+02 1.821588017399997022e-25
4.800246199793950836e+02 1.821946926465901135e-25
4.827711459208358065e+02 1.823789023353300970e-25
4.855333864828044170e+02 1.827116759025445354e-25
4.883114315786327211e+02 1.831844237398457652e-25
4.911053716361043371e+02 1.837887957139773842e-25
4.939152976003962863e+02 1.845166152609523106e-25
4.967413009370421264e+02 1.853598181620281010e-25
4.995834736349074205e+02 1.863103956539040136e-25
5.024419082091851010e+02 1.873603416080574616e-25
5.053166977044046462e+02 1.885016035898955164e-25
5.082079356974640518e+02 1.897260376774840235e-25
5.111157163006736255e+02 1.910253669833459534e-25
5.140401341648206426e+02 1.923911438810558387e-25
5.169812844822480429e+02 1.938147159917564833e-25
5.199392629899562053e+02 1.952871960341166812e-25
5.229141659727174556e+02 1.967994356848131726e-25
5.259060902662106400e+02 1.983420036350744992e-25
5.289151332601717286e+02 1.999051680619814679e-25
5.319413929015667009e+02 2.014788837607136533e-25
5.349849676977787567e+02 2.030527842052995132e-25
5.380459567198123523e+02 2.046161788202298534e-25
5.411244596055221336e+02 2.061580557528222469e-25
5.442205765628533527e+02 2.076670904362081260e-25
5.473344083731053615e+02 2.091316602242047111e-25
5.504660563942097724e+02 2.105398653620153704e-25
5.536156225640328330e+02 2.118795565297671178e-25
5.567832094036916715e+02 2.131383691591125245e-25
5.599689200208925968e+02 2.143037646759320728e-25
5.631728581132845193e+02 2.153630787644258512e-25
5.663951279718385194e+02 2.163035766794636376e-25
5.696358344842407178e+02 2.171125155549550440e-25
5.728950831383042441e+02 2.177838441741392920e-25
5.761729800254071279e+02 2.184016762026708898e-25
5.794696318439429206e+02 2.189957308056195731e-25
5.827851459027949659e+02 2.195669095469314598e-25
5.861196301248272675e+02 2.201161328682387995e-25
5.894731930504009370e+02 2.206443390587272991e-25
5.928459438409054201e+02 2.211524832596837019e-25
5.962379922823100742e+02 2.216415365056925241e-25
5.996494487887414380e+02 2.221124848044362558e-25
6.030804244060745987e+02 2.225663282568482630e-25
6.065310308155495704e+02 2.230040802192569649e-25
6.100013803374037025e+02 2.234267665091178464e-25
6.134915859345317131e+02 2.238354246557183239e-25
6.170017612161602756e+02 2.242311031972057670e-25
6.205320204415472745e+02 2.246148610252090815e-25
6.240824785236983416e+02 2.249877667781507848e-25
6.276532510331115873e+02 2.253508982843228074e-25
6.312444542015373372e+02 2.257053420557512734e-25
6.348562049257596982e+02 2.260521928336864663e-25
6.384886207714054080e+02 2.263925531866059397e-25
6.421418199767683745e+02 2.267275331615164701e-25
6.458159214566595665e+02 2.270582499892668524e-25
6.495110448062750947e+02 2.273858278445419376e-25
6.532273103050932832e+02 2.277113976612629086e-25
6.569648389207869741e+02 2.280360970039011835e-25
6.607237523131628905e+02 2.283610699954047250e-25
6.645041728381186203e+02 2.286874673022717411e-25
6.683062235516296141e+02 2.290164461773334453e-25
6.721300282137530075e+02 2.293491705608864269e-25
6.759757112926533864e+02 2.296868112407013099e-25
6.798433979686593602e+02 2.300305460715443483e-25
6.837332141383348016e+02 2.303815602548597203e-25
6.876452864185786211e+02 2.307410466792614318e-25
6.915797421507431864e+02 2.311102063225341541e-25
6.955367094047842329e+02 2.314902487159847174e-25
6.995163169834257815e+02 2.318823924718739819e-25
7.035186944263555233e+02 2.322878658748967129e-25
7.075439720144372586e+02 2.327079075386812626e-25
7.115922807739568725e+02 2.331437671283817436e-25
7.156637524808850230e+02 2.335967061504828103e-25
7.197585196651639308e+02 2.340679988111985777e-25
7.238767156150262281e+02 2.345589329447844789e-25
7.280184743813306341e+02 2.350708110133189957e-25
7.321839307819266196e+02 2.356049511796533931e-25
7.363732204060399908e+02 2.361626884553439869e-25
7.405864796186908734e+02 2.367453759255427881e-25
7.448238455651306822e+02 2.373543860530776194e-25
7.490854561753033067e+02 2.379911038674910475e-25
7.533714501683400613e+02 2.386563754709802495e-25
7.576819670570718017e+02 2.393501525438011737e-25
7.620171471525715106e+02 2.400723105313501618e-25
7.663771315687188235e+02 2.408227306667055867e-25
7.707620622267979797e+02 2.416012996794588665e-25
7.751720818601140763e+02 2.424079095083697374e-25
7.796073340186413816e+02 2.432424570175635762e-25
7.840679630736918853e+02 2.441048437160082141e-25
7.885541142226203419e+02 2.449949754799475782e-25
7.930659334935477318e+02 2.459127622780987087e-25
7.976035677501124610e+02 2.468581178992897176e-25
8.021671646962553268e+02 2.478309596823394069e-25
8.067568728810247194e+02 2.488312082479093739e-25
8.113728417034132008e+02 2.498587872321488844e-25
8.160152214172173899e+02 2.509136230218544345e-25
8.206841631359339999e+02 2.519956444910000941e-25
8.253798188376753160e+02 2.531047827383772244e-25
8.301023413701176423e+02 2.542409708261942884e-25
8.348518844554735097e+02 2.554041435194424327e-25
8.396286026955006037e+02 2.565942370258344896e-25
8.444326515765314980e+02 2.578111887361695448e-25
8.492641874745320365e+02 2.590549369649522572e-25
8.541233676601973457e+02 2.603254206911163656e-25
8.590103503040671740e+02 2.616225792987091658e-25
8.639252944816760191e+02 2.629463523173903418e-25
8.688683601787283806e+02 2.642966791626283828e-25
8.738397082963111870e+02 2.656734988754621597e-25
8.788395006561287346e+02 2.670767498617178240e-25
8.838679000057672965e+02 2.685063696305608653e-25
8.889250700239983871e+02 2.699622945323073762e-25
8.940111753261030572e+02 2.714444594953662789e-25
8.991263814692315464e+02 2.729527977622768343e-25
9.042708549577893109e+02 2.744872406246864145e-25
9.094447632488619320e+02 2.760477171572830970e-25
9.146482747576625343e+02 2.776341539505789366e-25
9.198815588630158118e+02 2.792464748424623660e-25
9.251447859128672917e+02 2.808846006485125631e-25
9.304381272298343220e+02 2.825484488910373499e-25
9.357617551167799093e+02 2.842389900837305840e-25
9.411158428624181624e+02 2.860465374928191549e-25
9.465005647469612313e+02 2.880229882290322364e-25
9.519160960477879598e+02 2.901596796539497652e-25
9.573626130451514200e+02 2.924478751907680034e-25
9.628402930279132761e+02 2.948787079456753815e-25
9.683493142993203264e+02 2.974431272551246060e-25
9.738898561828045786e+02 3.001318481365050998e-25
9.794620990278223189e+02 3.029353036737206323e-25
9.850662242157208084e+02 3.058436004200647869e-25
9.907024141656481788e+02 3.088464769489398936e-25
9.963708523404885682e+02 3.119332657283216413e-25
1.002071723252830566e+03 3.150928585371916305e-25
1.007805212470979995e+03 3.183136756813803591e-25
1.013571506624995664e+03 3.215836393020362275e-25
1.019370793412766488e+03 3.248901511014889883e-25
1.025203261606117394e+03 3.282200748390792655e-25
1.031069101056960108e+03 3.315597239718937669e-25
1.036968502703468403e+03 3.348948548325294356e-25
1.042901658576295858e+03 3.382106657471331703e-25
1.048868761804822725e+03 3.414918025012900290e-25
1.054870006623447580e+03 3.447223705581290513e-25
1.060905588377908543e+03 3.478859544220097235e-25
1.066975703531636327e+03 3.509656445211193404e-25
1.073080549672157986e+03 3.539440719530257325e-25
1.079220325517523179e+03 3.568034513980376031e-25
1.085395230922774772e+03 3.595256324556184013e-25
1.091605466886449676e+03 3.620921595985883284e-25
1.097851235557129257e+03 3.644843408686363887e-25
1.104132740240014982e+03 3.666833253540650705e-25
1.110450185403543173e+03 3.686701893972913854e-25
1.116803776686047286e+03 3.704260313758450676e-25
1.123193720902447922e+03 3.719815395006177717e-25
1.129620226050985821e+03 3.734430732755477363e-25
1.136083501319988500e+03 3.748201558705861420e-25
1.142583757094686234e+03 3.761183215327524007e-25
1.149121204964056233e+03 3.773432469143917782e-25
1.155696057727711150e+03 3.785007387763232509e-25
1.162308529402822842e+03 3.795967225101898797e-25
1.168958835231094099e+03 3.806372315285551661e-25
1.175647191685762891e+03 3.816283975665260779e-25
1.182373816478644585e+03 3.825764419337837379e-25
1.189138928567225094e+03 3.834876677518413862e-25
1.195942748161784948e+03 3.843684532073696751e-25
1.202785496732568390e+03 3.852252458490377782e-25
1.209667397016988161e+03 3.860645579524513708e-25
1.216588673026883043e+03 3.868929629751837343e-25
1.223549550055804502e+03 3.877170931220941993e-25
1.230550254686352901e+03 3.885436380395288218e-25
1.237591014797548269e+03 3.893793446562793042e-25
1.244672059572254511e+03 3.902310181886589962e-25
1.251793619504636808e+03 3.911055243273842741e-25
1.258955926407659945e+03 3.920097926246195808e-25
1.266159213420641890e+03 3.929508211010354970e-25
1.273403715016837850e+03 3.939356820945598625e-25
1.280689667011074107e+03 3.949715293751362666e-25
1.288017306567420064e+03 3.960656065530264618e-25
1.295386872206915768e+03 3.972252568119358680e-25
1.302798603815330807e+03 3.984579340029915314e-25
1.310252742650970504e+03 3.997712151404994368e-25
1.317749531352535996e+03 4.011728143467161670e-25
1.325289213947017288e+03 4.026705982993322241e-25
1.332872035857639275e+03 4.042726032430928828e-25
1.340498243911845066e+03 4.059967674786768341e-25
1.348168086349338637e+03 4.079261818611997168e-25
1.355881812830159333e+03 4.100720150526524027e-25
1.363639674442812293e+03 4.124268742809641361e-25
1.371441923712434573e+03 4.149834521481874143e-25
1.379288814609025167e+03 4.177344813423257653e-25
1.387180602555705946e+03 4.206726910711785555e-25
1.395117544437033075e+03 4.237907651060275158e-25
1.403099898607367095e+03 4.270813013503951746e-25
1.411127924899275513e+03 4.305367728754745248e-25
1.419201884631995881e+03 4.341494903890017780e-25
1.427322040619934114e+03 4.379115661284798480e-25
1.435488657181228518e+03 4.418148791931958987e-25
1.443702000146348610e+03 4.458510423516696274e-25
1.451962336866749865e+03 4.500113703831704396e-25
1.460269936223571904e+03 4.542868500327695062e-25
1.468625068636397373e+03 4.586681116793929941e-25
1.477028006072051994e+03 4.631454028356865306e-25
1.485479022053452127e+03 4.677085636168057055e-25
1.493978391668516906e+03 4.723470043324040317e-25
1.502526391579116535e+03 4.770496853722248187e-25
1.511123300030081509e+03 4.818050995704044451e-25
1.519769396858253231e+03 4.866012572469410546e-25
1.528464963501601915e+03 4.914256741363079692e-25
1.537210283008382021e+03 4.962653624229364148e-25
1.546005640046347935e+03 5.011068251109069753e-25
1.554851320912015353e+03 5.059360539605495318e-25
1.563747613539988379e+03 5.107385312272911699e-25
1.572694807512328453e+03 5.154992354380598470e-25
1.581693194067974673e+03 5.202026514373795291e-25
1.590743066112234374e+03 5.248327849290204116e-25
1.599844718226310988e+03 5.293738856794886475e-25
1.608998446676895355e+03 5.339422681168445135e-25
1.618204549425803634e+03 5.386277464432323193e-25
1.627463326139685933e+03 5.434243420877458212e-25
1.636775078199775635e+03 5.483258469822597992e-25
1.646140108711694666e+03 5.533258084826380597e-25
1.655558722515330146e+03 5.584175149947348815e-25
1.665031226194749934e+03 5.635939823607509318e-25
1.674557928088185918e+03 5.688479410669592484e-25
1.684139138298063926e+03 5.741718243392761347e-25
1.693775168701108441e+03 5.795577571981995560e-25
1.703466332958486419e+03 5.849975465491676833e-25
1.713212946526022051e+03 5.904826723890306807e-25
1.723015326664457234e+03 5.960042802129898540e-25
1.732873792449789335e+03 6.015531747100743088e-25
1.742788664783652848e+03 6.071198148381348920e-25
1.752760266403758578e+03 6.126943103717102387e-25
1.762788921894410578e+03 6.182664200179680282e-25
1.772874957697064247e+03 6.238255511971677307e-25
1.783018702120955595e+03 6.293607615841817667e-25
1.793220485353780987e+03 6.348607625075434922e-25
1.803480639472456232e+03 6.403139243010193104e-25
1.813799498453918204e+03 6.457082837004973330e-25
1.824177398186000119e+03 6.510315533759910815e-25
1.834614676478356841e+03 6.562711336841197842e-25
1.845111673073473185e+03 6.614141267213883570e-25
1.855668729657716540e+03 6.664473527519481577e-25
1.866286189872453178e+03 6.713573690761031490e-25
1.876964399325245950e+03 6.761304913969029118e-25
1.887703705601096772e+03 6.807528177322128405e-25
1.898504458273763248e+03 6.852102549083479085e-25
1.909367008917131670e+03 6.894885476586485680e-25
1.920291711116671195e+03 6.935981277457928858e-25
1.931278920480938496e+03 6.975983619089239853e-25
1.942328994653147220e+03 7.014966926117557434e-25
1.953442293322820433e+03 7.052976477612535334e-25
1.964619178237491951e+03 7.090059362612501090e-25
1.975860013214485207e+03 7.126264406327883135e-25
1.987165164152747366e+03 7.161642098982656596e-25
1.998534999044772803e+03 7.196244527609891808e-25
2.009969887988571827e+03 7.230125311102047396e-25
2.021470203199723528e+03 7.263339538801428063e-25
2.033036319023482520e+03 7.295943712903801875e-25
2.044668611946976398e+03 7.327995694932911516e-25
2.056367460611455499e+03 7.359554656532128138e-25
2.068133245824610640e+03 7.390681034806489763e-25
2.079966350572982265e+03 7.421436492438353366e-25
2.091867160034417338e+03 7.451883882788009928e-25
2.103836061590612644e+03 7.482087220185274285e-25
2.115873444839715830e+03 7.512111655603710440e-25
2.127979701609019685e+03 7.542023457911794216e-25
2.140155225967706428e+03 7.571890000878860946e-25
2.152400414239682050e+03 7.601779756121276115e-25
2.164715665016467028e+03 7.631762292161438359e-25
2.177101379170183009e+03 7.661908279779417696e-25
2.189557959866596320e+03 7.692289503831502464e-25
2.202085812578233799e+03 7.722978881717046595e-25
2.214685345097595928e+03 7.754050488673748877e-25
2.227356967550419995e+03 7.785579590093825697e-25
2.240101092409036028e+03 7.817642681053299053e-25
2.252918134505783655e+03 7.850317533263658954e-25
2.265808511046528565e+03 7.883683249659666611e-25
2.278772641624234438e+03 7.917820326857887603e-25
2.291810948232624924e+03 7.952810725727495228e-25
2.304923855279911550e+03 7.988737950342095113e-25
2.318111789602621229e+03 8.025687135593737382e-25
2.331375180479484243e+03 8.063745143779290785e-25
2.344714459645400439e+03 8.103000670488154646e-25
2.358130061305506388e+03 8.143544360157065544e-25
2.371622422149300291e+03 8.185468931678619718e-25
2.385191981364859657e+03 8.228869314494337256e-25
2.398839180653129915e+03 8.273582349850198845e-25
2.412564464242315353e+03 8.318402291525079719e-25
2.426368278902332804e+03 8.363222327059687411e-25
2.440251073959345376e+03 8.408111763082259521e-25
2.454213301310404404e+03 8.453141429269493929e-25
2.468255415438149157e+03 8.498383687337128160e-25
2.482377873425605230e+03 8.543912446126498368e-25
2.496581134971053871e+03 8.589803183018802773e-25
2.510865662403009537e+03 8.636132971909962550e-25
2.525231920695258395e+03 8.682980517989093397e-25
2.539680377482001404e+03 8.730426199565970413e-25
2.554211503073063341e+03 8.778552117206324620e-25
2.568825770469218241e+03 8.827442150444616677e-25
2.583523655377578507e+03 8.877182022353588926e-25
2.598305636227070863e+03 8.927859372270385391e-25
2.613172194184026921e+03 8.979563836990349001e-25
2.628123813167832395e+03 9.032387140764968453e-25
2.643160979866688194e+03 9.086423194457699315e-25
2.658284183753437446e+03 9.141768204237924458e-25
2.673493917101518491e+03 9.198520790220638108e-25
2.688790675000974716e+03 9.256782115487866412e-25
2.704174955374578531e+03 9.316656025961890029e-25
2.719647258994024924e+03 9.378249201635352933e-25
2.735208089496251887e+03 9.441671319704307635e-25
2.750857953399824055e+03 9.507035230191055016e-25
2.766597360121411839e+03 9.574457144691927773e-25
2.782426821992390614e+03 9.644056838936570440e-25
2.798346854275506757e+03 9.715957869898810928e-25
2.814357975181655547e+03 9.790287808261934778e-25
2.830460705886736832e+03 9.867178487103373527e-25
2.846655570548637570e+03 9.946766267739312877e-25
2.862943096324285762e+03 1.002919232373990335e-24
2.879323813386799884e+03 1.011460294421705350e-24
2.895798254942764743e+03 1.020314985756842553e-24
2.912366957249576899e+03 1.029499057696822166e-24
2.929030459632903785e+03 1.039028876899241724e-24
2.945789304504230131e+03 1.048921464688772810e-24
2.962644037378528992e+03 1.059194539011569024e-24
2.979595206892009628e+03 1.069866559193620497e-24
2.996643364819980434e+03 1.080975399399944190e-24
3.013789066094797818e+03 1.092764444721381415e-24
3.031032868823947410e+03 1.105371380602154952e-24
3.048375334308204401e+03 1.118886814235221335e-24
3.065817027059890734e+03 1.133406608890948441e-24
3.083358514821272820e+03 1.149032560738313704e-24
3.101000368583028376e+03 1.165873164549772201e-24
3.118743162602838765e+03 1.184044478599442095e-24
3.136587474424068660e+03 1.203671100772313965e-24
3.154533884894585299e+03 1.224887269887625325e-24
3.172582978185651427e+03 1.247838108550294418e-24
3.190735341810950558e+03 1.272681026536584740e-24
3.208991566645692728e+03 1.299587306861398968e-24
3.227352246945872594e+03 1.328743900346143919e-24
3.245817980367599830e+03 1.360355458805302400e-24
3.264389367986545494e+03 1.394646642013122315e-24
3.283067014317526173e+03 1.435115398258972022e-24
3.301851527334168168e+03 1.490514995399647297e-24
3.320743518488704922e+03 1.559302188869145883e-24
3.339743602731867213e+03 1.638984891613336892e-24
3.358852398532919324e+03 1.726539997821624651e-24
3.378070527899777971e+03 1.818200105997071673e-24
3.397398616399265848e+03 1.909309634588636952e-24
3.416837293177461106e+03 1.994284018718542383e-24
3.436387190980196465e+03 2.069374892003441905e-24
3.456048946173646073e+03 2.137803652836544250e-24
3.475823198765028792e+03 2.202752249264720136e-24
3.495710592423461094e+03 2.267859330910089277e-24
3.515711774500897718e+03 2.337236260077964501e-24
3.535827396053208304e+03 2.415508568687201676e-24
3.556058111861355428e+03 2.507941696202892653e-24
3.576404580452731807e+03 2.620685774078185101e-24
3.596867464122582533e+03 2.795688167035605689e-24
3.617447428955555097e+03 3.059066310491702566e-24
3.638145144847400388e+03 3.396261834407240764e-24
3.658961285526766005e+03 3.784524088619623624e-24
3.679896528577132813e+03 4.187019113549450873e-24
3.700951555458855182e+03 4.549544300388847251e-24
3.722127051531368124e+03 4.802704466244530516e-24
3.743423706075479004e+03 4.867721131287377321e-24
3.764842212315812958e+03 4.553818321640286826e-24
3.786383267443361092e+03 3.946762626480915679e-24
3.808047572638200563e+03 3.256197593842814694e-24
3.829835833092303801e+03 2.627689662269926132e-24
3.851748758032485057e+03 2.131179901168545144e-24
3.873787060743505208e+03 1.784999131756133279e-24
3.895951458591278879e+03 1.586415356687017956e-24
3.918242673046229356e+03 1.527473650730538298e-24
3.940661429706759463e+03 1.503036478441869825e-24
3.963208458322894330e+03 1.480357776879574502e-24
3.985884492820017385e+03 1.459340745475947911e-24
4.008690271322770968e+03 1.439895759341430065e-24
4.031626536179064715e+03 1.421939759240533700e-24
4.054694033984264934e+03 1.405395695711080382e-24
4.077893515605484481e+03 1.390192021859243789e-24
4.101225736206011788e+03 1.376262229944268884e-24
4.124691455269916332e+03 1.363544427383254567e-24
4.148291436626756877e+03 1.351980948265466004e-24
4.172026448476446603e+03 1.341517996871801725e-24
4.195897263414250119e+03 1.332105320059022059e-24
4.219904658455950084e+03 1.323695905690373481e-24
4.244049415063133893e+03 1.316245704583070294e-24
4.268332319168609502e+03 1.309713373700557894e-24
4.292754161202024079e+03 1.304060038547316912e-24
4.317315736115567233e+03 1.299249072931401161e-24
4.342017843409861598e+03 1.295245894444211329e-24
4.366861287159967105e+03 1.292017774173965751e-24
4.391846876041581709e+03 1.289533659319510486e-24
4.416975423357344880e+03 1.287764007506083473e-24
4.442247747063325733e+03 1.286680631727539339e-24
4.467664669795621194e+03 1.286256554950119138e-24
4.493227018897171547e+03 1.290410792720320004e-24
4.518935626444666013e+03 1.305349741298385860e-24
4.544791329275624776e+03 1.329647269199134387e-24
4.570794969015658353e+03 1.361806065957680574e-24
4.596947392105847030e+03 1.400302759348958273e-24
4.623249449830305821e+03 1.443494351403887926e-24
4.649701998343871310e+03 1.489543870940607326e-24
4.676305898699999489e+03 1.536367730800004525e-24
