# columns=frequency_hz sensitivity
# source_file=DECIGO.csv
2.091165231299999417e-03 1.448010477000002691e-20
2.105484188001289364e-03 1.417394469528712102e-20
2.119901191723419683e-03 1.387725386639620930e-20
2.134416913829427151e-03 1.359002312203633895e-20
2.149032030279419535e-03 1.331223006428425495e-20
2.163747221662037836e-03 1.304384061397427795e-20
2.178563173226158792e-03 1.278481051250711982e-20
2.193480574912802950e-03 1.253508676984188211e-20
2.208500121387268252e-03 1.229460905904540793e-20
2.223622512071470481e-03 1.206331105834145757e-20
2.238848451176517033e-03 1.184112174211874735e-20
2.254178647735503166e-03 1.162796662284461473e-20
2.269613815636524218e-03 1.142376894627565561e-20
2.285154673655928961e-03 1.122845084277104072e-20
2.300801945491778942e-03 1.104193443790312767e-20
2.316556359797558064e-03 1.086414292592443012e-20
2.332418650216098142e-03 1.069500160999209430e-20
2.348389555413753823e-03 1.053443891338896281e-20
2.364469819114784800e-03 1.038238736629928213e-20
2.380660190135999547e-03 1.023878457301918883e-20
2.396961422421623692e-03 1.010352369899083255e-20
2.413374275078405615e-03 9.975759656696825665e-21
2.429899512410977486e-03 9.854732290197133715e-21
2.446537903957430541e-03 9.739853900502077579e-21
2.463290224525161842e-03 9.630566376491420184e-21
2.480157254226951317e-03 9.526338454681625733e-21
2.497139778517288178e-03 9.426663281413967182e-21
2.514238588228957967e-03 9.331056252931251148e-21
2.531454479609851656e-03 9.239053111746824563e-21
2.548788254360059673e-03 9.150208280245977125e-21
2.566240719669194478e-03 9.064093414659631213e-21
2.583812688253995030e-03 8.980296164428758512e-21
2.601504978396152867e-03 8.898419123577996554e-21
2.619318413980431352e-03 8.818078962056082677e-21
2.637253824533026050e-03 8.738905726115311154e-21
2.655312045260193980e-03 8.660542297689477179e-21
2.673493917087155225e-03 8.582644003435588558e-21
2.691800286697238701e-03 8.504878364619272087e-21
2.710232006571318495e-03 8.426924979381422691e-21
2.728789935027509540e-03 8.348475529120849612e-21
2.747474936261144318e-03 8.269233900797403123e-21
2.766287880385003266e-03 8.188916416893774136e-21
2.785229643469841389e-03 8.107252164601206048e-21
2.804301107585185915e-03 8.023983415519175891e-21
2.823503160840405441e-03 7.938866126795806738e-21
2.842836697426080056e-03 7.851670514206861242e-21
2.862302617655624291e-03 7.762193231027854875e-21
2.881901828007224064e-03 7.671082538864521547e-21
2.901635241166044665e-03 7.578945926463678673e-21
2.921503776066731919e-03 7.485973022798610971e-21
2.941508357936213451e-03 7.392347135635876669e-21
2.961649918336769702e-03 7.298245070868286670e-21
2.981929395209421962e-03 7.203836992186399143e-21
3.002347732917608376e-03 7.109286319125618719e-21
3.022905882291169587e-03 7.014749661446635155e-21
3.043604800670610209e-03 6.920376787751987132e-21
3.064445451951689457e-03 6.826310626204041419e-21
3.085428806630307122e-03 6.732687295194058018e-21
3.106555841847691811e-03 6.639636161814572064e-21
3.127827541435917492e-03 6.547279926002421475e-21
3.149244895963699761e-03 6.455734728253615619e-21
3.170808902782534279e-03 6.365110278854388640e-21
3.192520566073137056e-03 6.275510006631966539e-21
3.214380896892218235e-03 6.187031225292672221e-21
3.236390913219546438e-03 6.099765315492555800e-21
3.258551640005363098e-03 6.013797920867833931e-21
3.280864109218113375e-03 5.929209156342209464e-21
3.303329359892493659e-03 5.846073827122018190e-21
3.325948438177855123e-03 5.764461656889869782e-21
3.348722397386896549e-03 5.684437523807588599e-21
3.371652298044729244e-03 5.606061703043871104e-21
3.394739207938256807e-03 5.529390114646726148e-21
3.417984202165910528e-03 5.454474575687886657e-21
3.441388363187697450e-03 5.381007634384039358e-21
3.464952780875616648e-03 5.308532202503531241e-21
3.488678552564412894e-03 5.237032923897638592e-21
3.512566783102669468e-03 5.166496651004711025e-21
3.536618584904275241e-03 5.096910413344279673e-21
3.560835078000203560e-03 5.028261415131952440e-21
3.585217390090684932e-03 4.960537032926563320e-21
3.609766656597711895e-03 4.893724813308842263e-21
3.634484020717930301e-03 4.827812470591471676e-21
3.659370633475851099e-03 4.762787884559990922e-21
3.684427653777464558e-03 4.698639098244002595e-21
3.709656248464206652e-03 4.635354315718519622e-21
3.735057592367289729e-03 4.572921899934998747e-21
3.760632868362426533e-03 4.511330370581171204e-21
3.786383267424892497e-03 4.450568401970303987e-21
3.812309988685001327e-03 4.390624820958437522e-21
3.838414239483936216e-03 4.331488604889968361e-21
3.864697235429989577e-03 4.273148879570477762e-21
3.891160200455147117e-03 4.215594917267356106e-21
3.917804366872098230e-03 4.158816134737251154e-21
3.944630975431620210e-03 4.102802091279533663e-21
3.971641275380351915e-03 4.047542486816805010e-21
3.998836524518970328e-03 3.993027160000842896e-21
4.026217989260772595e-03 3.939246086344186739e-21
4.053786944690631472e-03 3.886189376376631515e-21
4.081544674624380115e-03 3.833847273826619504e-21
4.109492471668612333e-03 3.782210153827444942e-21
4.137631637280848006e-03 3.731268521147361263e-21
4.165963481830157328e-03 3.681013008443375029e-21
4.194489324658176241e-03 3.631434374538931162e-21
4.223210494140545133e-03 3.582523502724573174e-21
4.252128327748762142e-03 3.534271399081443722e-21
4.281244172112486611e-03 3.486669190827505863e-21
4.310559383082218990e-03 3.439708124686009562e-21
4.340075325792457778e-03 3.393379565275906273e-21
4.369793374725260658e-03 3.347674993523884336e-21
4.399714913774271409e-03 3.302586005097794621e-21
4.429841336309131919e-03 3.258104308861478058e-21
4.460174045240392071e-03 3.214221725349885028e-21
4.490714453084832490e-03 3.170930185265087323e-21
4.521463982031234848e-03 3.128221727992597020e-21
4.552424064006630952e-03 3.086088500137377223e-21
4.583596140742957764e-03 3.044522754079685378e-21
4.614981663844208541e-03 3.003516846550759678e-21
4.646582094854024604e-03 2.963063237226798050e-21
4.678398905323775427e-03 2.923154487342910005e-21
4.710433576881053325e-03 2.883783258324930364e-21
4.742687601298689430e-03 2.844942310440213173e-21
4.775162480564218957e-03 2.806624501466056904e-21
4.807859726949817447e-03 2.768822785376852183e-21
4.840780863082744419e-03 2.731530211047942216e-21
4.873927422016217231e-03 2.694739920977679125e-21
4.907300947300823578e-03 2.658445150026282515e-21
4.940902993056388477e-03 2.622639224172081814e-21
4.974735124044367754e-03 2.587315559283985701e-21
5.008798915740681271e-03 2.552467659910986616e-21
5.043095954409105609e-03 2.518089118087557193e-21
5.077627837175128188e-03 2.484173612155564178e-21
5.112396172100324397e-03 2.450714905601584904e-21
5.147402578257257756e-03 2.417706845910300754e-21
5.182648685804844974e-03 2.385143363432985863e-21
5.218136136064289131e-03 2.353018470271538671e-21
5.253866581595501191e-03 2.321326259177341260e-21
5.289841686274079219e-03 2.290060902464976182e-21
5.326063125368755112e-03 2.259216650940685304e-21
5.362532585619432003e-03 2.228737257114808773e-21
5.399251765315723865e-03 2.198209164018540503e-21
5.436222374376034616e-03 2.167629722433810931e-21
5.473446134427211417e-03 2.137102807917735049e-21
5.510924778884676752e-03 2.106726986013542431e-21
5.548660053033176338e-03 2.076595552169779338e-21
5.586653714108038779e-03 2.046796614672261209e-21
5.624907531377027620e-03 2.017413216650079164e-21
5.663423286222701684e-03 1.988523493336973652e-21
5.702202772225386899e-03 1.960200860934845290e-21
5.741247795246697157e-03 1.932514233628336953e-21
5.780560173513618963e-03 1.905528265533734202e-21
5.820141737703210180e-03 1.879303614625269958e-21
5.859994331027811379e-03 1.853897225965088209e-21
5.900119809320900771e-03 1.829362631860786406e-21
5.940520041123510328e-03 1.805750266888888729e-21
5.981196907771255990e-03 1.783107796044576151e-21
6.022152303481916047e-03 1.761480454611750433e-21
6.063388135443661779e-03 1.740911398684152383e-21
6.104906323903863154e-03 1.721442065615233900e-21
6.146708802258511219e-03 1.703157695208869710e-21
6.188797517142245914e-03 1.686102642882019290e-21
6.231174428519029203e-03 1.670125369140532650e-21
6.273841509773379378e-03 1.655074448761448591e-21
6.316800747802284524e-03 1.640804632808801284e-21
6.360054143107746541e-03 1.627176161008862970e-21
6.403603709889901970e-03 1.614054197329302029e-21
6.447451476140841041e-03 1.601308380641786276e-21
6.491599483739043421e-03 1.588812483468308883e-21
6.536049788544460136e-03 1.576444172673833842e-21
6.580804460494246028e-03 1.564084866593254727e-21
6.625865583699175679e-03 1.551619683489277610e-21
6.671235256540654357e-03 1.538937476442089077e-21
6.716915591768457539e-03 1.525930949792563485e-21
6.762908716599133965e-03 1.512496852107139989e-21
6.809216772815026263e-03 1.498536240323507570e-21
6.855841916864033152e-03 1.483954809285704832e-21
6.902786319960022184e-03 1.468663280302421617e-21
6.950052168183942433e-03 1.452577841684097125e-21
6.997641662585612002e-03 1.435615949315345825e-21
7.045557019286247113e-03 1.417202546802267150e-21
7.093800469581618313e-03 1.397161053525573400e-21
7.142374260045975150e-03 1.375749198064959779e-21
7.191280652636688163e-03 1.353217698708669575e-21
7.240521924799536192e-03 1.329808262356995526e-21
7.290100369574794258e-03 1.305751984501559713e-21
7.340018295704001453e-03 1.281268134188915088e-21
7.390278027737478238e-03 1.256563301770397763e-21
7.440881906142565380e-03 1.231830882756312725e-21
7.491832287412644384e-03 1.207250868121707842e-21
7.543131544176825791e-03 1.182989909812227091e-21
7.594782065310470148e-03 1.159201629811265742e-21
7.646786256046413273e-03 1.136027141785060368e-21
7.699146538087005970e-03 1.113595755851470962e-21
7.751865349716835496e-03 1.092025839260914254e-21
7.804945145916307447e-03 1.071425808586153330e-21
7.858388398475954495e-03 1.051895232262156039e-21
7.912197596111537889e-03 1.033526025891118113e-21
7.966375244579966888e-03 1.016403726543350324e-21
8.020923866795943297e-03 1.000527729060650279e-21
8.075846002949476840e-03 9.853181323088695616e-22
8.131144210624158611e-03 9.706174158070914567e-22
8.186821064916294938e-03 9.563925649218964840e-22
8.242879158554773308e-03 9.426122028187218326e-22
8.299321102021832083e-03 9.292464851641254245e-22
8.356149523674612570e-03 9.162670036930549187e-22
8.413367069867564579e-03 9.036466979796427725e-22
8.470976405075658633e-03 8.913597748068906827e-22
8.528980212018510629e-03 8.793816345820980822e-22
8.587381191785245504e-03 8.676888042909128880e-22
8.646182063960318465e-03 8.562588765241369044e-22
8.705385566750174081e-03 8.450704541483599372e-22
8.764994457110712039e-03 8.341031002249020583e-22
8.825011510875703513e-03 8.233372928103772108e-22
8.885439522886050615e-03 8.127543842989327109e-22
8.946281307119925350e-03 8.023365649894806381e-22
9.007539696823810629e-03 7.920668305813825395e-22
9.069217544644467624e-03 7.819289533208306398e-22
9.131317722761723640e-03 7.719074565355854997e-22
9.193843123022250527e-03 7.619875923099268375e-22
9.256796657074252074e-03 7.521553220636742411e-22
9.320181256503008368e-03 7.423972998097541012e-22
9.383999872967417610e-03 7.327008578734942432e-22
9.448255478337443461e-03 7.230539948648207206e-22
9.512951064832507811e-03 7.134453657008009435e-22
9.578089645160818566e-03 7.038673305928241903e-22
9.643674252659707041e-03 6.943871194069083709e-22
9.709707941436817105e-03 6.850345947899171151e-22
9.776193786512366382e-03 6.758080369636631034e-22
9.843134883962359818e-03 6.667057493132352549e-22
9.910534351062715713e-03 6.577260580750018374e-22
9.978395326434469012e-03 6.488673120288316282e-22
1.004672097018990962e-02 6.401278821944615601e-22
1.011551446407974938e-02 6.315061615319431449e-22
1.018477901164129007e-02 6.230005646461546034e-22
1.025451783834760433e-02 6.146095274952670751e-22
1.032473419175771769e-02 6.063315071031266354e-22
1.039543134166786252e-02 5.981649812755269171e-22
1.046661258026374344e-02 5.901084483203417727e-22
1.053828122227382091e-02 5.821604267713330025e-22
1.061044060512371205e-02 5.743194551157634876e-22
1.068309408909155940e-02 5.665840915256566111e-22
1.075624505746453768e-02 5.589529135926304997e-22
1.082989691669640660e-02 5.514245180663773321e-22
1.090405309656613739e-02 5.439975205966142108e-22
1.097871705033761150e-02 5.366705554785273218e-22
1.105389225492044679e-02 5.294422754016197607e-22
1.112958221103191661e-02 5.223113512019975398e-22
1.120579044335994270e-02 5.152764716179273244e-22
1.128252050072726595e-02 5.083363430487507228e-22
1.135977595625666837e-02 5.014896893169612206e-22
1.143756040753738518e-02 4.947352514335907425e-22
1.151587747679264084e-02 4.880717873666714016e-22
1.159473081104831979e-02 4.814980718129022107e-22
1.167412408230278885e-02 4.750128959722694812e-22
1.175406098769790283e-02 4.686150673257841634e-22
1.183454524969116718e-02 4.623034094162006164e-22
1.191558061622909927e-02 4.560767616316549295e-22
1.199717086092174159e-02 4.499339789922998147e-22
1.207931978321839100e-02 4.438739319397053891e-22
1.216203120858452488e-02 4.378955061291996348e-22
1.224530898867997285e-02 4.319976022249182315e-22
1.232915700153825074e-02 4.261791356976837572e-22
1.241357915174714881e-02 4.204390366255668025e-22
1.249857937063057062e-02 4.147762494971318205e-22
1.258416161643160017e-02 4.091897330173761282e-22
1.267032987449683533e-02 4.036784599162318608e-22
1.275708815746197204e-02 3.982414167596679799e-22
1.284444050543864617e-02 3.928776037633329470e-22
1.293239098620257987e-02 3.875860346087270618e-22
1.302094369538303424e-02 3.823657362618274917e-22
1.311010275665348314e-02 3.772157487941443193e-22
1.319987232192369568e-02 3.721351252062397191e-22
1.329025657153303126e-02 3.671229312535559947e-22
1.338125971444512757e-02 3.621782452746447734e-22
1.347288598844392088e-02 3.573001580216850305e-22
1.356513966033096388e-02 3.524877724932812428e-22
1.365802502612412095e-02 3.477402037695251686e-22
1.375154641125761988e-02 3.430828361714425249e-22
1.384570817078351231e-02 3.385586891508343898e-22
1.394051468957441774e-02 3.341564149695029470e-22
1.403597038252777686e-02 3.298639192303718644e-22
1.413207969477139371e-02 3.256696651550154291e-22
1.422884710187044717e-02 3.215626430158002182e-22
1.432627711003593533e-02 3.175323433230404529e-22
1.442437425633449032e-02 3.135687334939048484e-22
1.452314310889964849e-02 3.096622377499495069e-22
1.462258826714460218e-02 3.058037200073850432e-22
1.472271436197635994e-02 3.019844695386377049e-22
1.482352605601142646e-02 2.981961891959096926e-22
1.492502804379290844e-02 2.944309859972887933e-22
1.502722505200911399e-02 2.906813638840699003e-22
1.513012183971367865e-02 2.869402184640629074e-22
1.523372319854719541e-02 2.832008335604796268e-22
1.533803395296033656e-02 2.794568793893230744e-22
1.544305896043849866e-02 2.757024121904300270e-22
1.554880311172802607e-02 2.719318751385373544e-22
1.565527133106394547e-02 2.681401003612591432e-22
1.576246857639930499e-02 2.643223118906243182e-22
1.587039983963601728e-02 2.604741293742572706e-22
1.597907014685733679e-02 2.565915723713498089e-22
1.608848455856189130e-02 2.526710650577137505e-22
1.619864816989938922e-02 2.487094411631400183e-22
1.630956611090781175e-02 2.447039489638206678e-22
1.642124354675238845e-02 2.405748814957787448e-22
1.653368567796605418e-02 2.360680432896054418e-22
1.664689774069164768e-02 2.312655286118124365e-22
1.676088500692577560e-02 2.262774285764492792e-22
1.687565278476429315e-02 2.212065782223113429e-22
1.699120641864946754e-02 2.161479679670259213e-22
1.710755128961887264e-02 2.111885831397298288e-22
1.722469281555600099e-02 2.064076172799744730e-22
1.734263645144249605e-02 2.018770050275796812e-22
1.746138768961225454e-02 1.976622244344455003e-22
1.758095206000710731e-02 1.938233255974846617e-22
1.770133513043439452e-02 1.904161519508547017e-22
1.782254250682622707e-02 1.874937318437772079e-22
1.794457983350055200e-02 1.850575553114482910e-22
1.806745279342395274e-02 1.828408793914920454e-22
1.819116710847633669e-02 1.807817777642912338e-22
1.831572853971735401e-02 1.788635293332685248e-22
1.844114288765471774e-02 1.770702710137346838e-22
1.856741599251428634e-02 1.753868959577251015e-22
1.869455373451201982e-02 1.737989653899005976e-22
1.882256203412782311e-02 1.722926329090346791e-22
1.895144685238125612e-02 1.708545802814967302e-22
1.908121419110912417e-02 1.694719638969514100e-22
1.921187009324492809e-02 1.681323711755852092e-22
1.934342064310031611e-02 1.668237863128990192e-22
1.947587196664837816e-02 1.655345648244773878e-22
1.960923023180895577e-02 1.642534164111082238e-22
1.974350164873584293e-02 1.629693957054158226e-22
1.987869247010597140e-02 1.616719004862411248e-22
2.001480899141057021e-02 1.603506769574628559e-22
2.015185755124839634e-02 1.589958316848888698e-22
2.028984453162081120e-02 1.575978497694181378e-22
2.042877635822906712e-02 1.561476188077798773e-22
2.056865950077346045e-02 1.546661506795754701e-22
2.070950047325464255e-02 1.532001576036568708e-22
2.085130583427698137e-02 1.517491031085291036e-22
2.099408218735394904e-02 1.503116342132255967e-22
2.113783618121562249e-02 1.488864449057804253e-22
2.128257451011830725e-02 1.474722751115398015e-22
2.142830391415632280e-02 1.460679097704961991e-22
2.157503117957576544e-02 1.446721780172013576e-22
2.172276313909064088e-02 1.432839524571865031e-22
2.187150667220095698e-02 1.419021485338489194e-22
2.202126870551312371e-02 1.405257239799969643e-22
2.217205621306253538e-02 1.391536783483391710e-22
2.232387621663825539e-02 1.377850526153323307e-22
2.247673578611009831e-02 1.364189288528762412e-22
2.263064203975775554e-02 1.350544299624655977e-22
2.278560214460238070e-02 1.336907194664382998e-22
2.294162331674023600e-02 1.323270013510578879e-22
2.309871282167882608e-02 1.309625199561709234e-22
2.325687797467514834e-02 1.295965599062909280e-22
2.341612614107638213e-02 1.282284460779303383e-22
2.357646473666290612e-02 1.268575435980703647e-22
2.373790122799356722e-02 1.254832578687075701e-22
2.390044313275344751e-02 1.241050346123855390e-22
2.406409802010386900e-02 1.227223599336989047e-22
2.422887351103494846e-02 1.213347603917783744e-22
2.439477727872041424e-02 1.199418030787756430e-22
2.456181704887499748e-02 1.185420252794141950e-22
2.473000060011413745e-02 1.171321758583503265e-22
2.489933576431622650e-02 1.157134268292867533e-22
2.506983042698737382e-02 1.142872749526486501e-22
2.524149252762851806e-02 1.128551751279676727e-22
2.541433006010526338e-02 1.114185394188487731e-22
2.558835107302000200e-02 1.099787362295511712e-22
2.576356367008685727e-02 1.085370896279665443e-22
2.593997601050893054e-02 1.070948788095761120e-22
2.611759630935831661e-02 1.056533376967253881e-22
2.629643283795868314e-02 1.042136546674042139e-22
2.647649392427035495e-02 1.027769724075980621e-22
2.665778795327824677e-02 1.013443878811385693e-22
2.684032336738220031e-02 9.991695241095705610e-23
2.702410866679024609e-02 9.849567186557024026e-23
2.720915240991434586e-02 9.708150694464873376e-23
2.739546321376896618e-02 9.567537355751158873e-23
2.758304975437239626e-02 9.427814328843425163e-23
2.777192076715067487e-02 9.289064394275456841e-23
2.796208504734448708e-02 9.151366016778384108e-23
2.815355145041861448e-02 9.014120964471912980e-23
2.834632889247443513e-02 8.876770092904529147e-23
2.854042635066500813e-02 8.739487418629671469e-23
2.873585286361323571e-02 8.602439365771661257e-23
2.893261753183264812e-02 8.465784662214658755e-23
2.913072951815126252e-02 8.329674348383504846e-23
2.933019804813829026e-02 8.194251812432270224e-23
2.953103241053367176e-02 8.059652849995243328e-23
2.973324195768071998e-02 7.926005746663058192e-23
2.993683610596153261e-02 7.793431381365941480e-23
3.014182433623561683e-02 7.662043348874622470e-23
3.034821619428124118e-02 7.531948099665364647e-23
3.055602129124010413e-02 7.403245095441230232e-23
3.076524930406478522e-02 7.276026978651326570e-23
3.097590997596941578e-02 7.150379754409377346e-23
3.118801311688345484e-02 7.026382983272546223e-23
3.140156860390839327e-02 6.904109983409472239e-23
3.161658638177782671e-02 6.783628040754785440e-23
3.183307646332045326e-02 6.664998625819983885e-23
3.205104892992644006e-02 6.548277615904682155e-23
3.227051393201679774e-02 6.433515521528673340e-23
3.249148168951611348e-02 6.320757715978301095e-23
3.271396249232848275e-02 6.210044666941035100e-23
3.293796670081660521e-02 6.101412169274577255e-23
3.316350474628435713e-02 5.994891578034282745e-23
3.339058713146241669e-02 5.890510040956505909e-23
3.361922443099749080e-02 5.787248536170658416e-23
3.384942729194460875e-02 5.683119310301003475e-23
3.408120643426301027e-02 5.578568609517582808e-23
3.431457265131538509e-02 5.474096404627249090e-23
3.454953681037036678e-02 5.370170252147257197e-23
3.478610985310873205e-02 5.267225480155265112e-23
3.502430279613279879e-02 5.165665744978224720e-23
3.526412673147956423e-02 5.065863915744352939e-23
3.550559282713711129e-02 4.968163245316805440e-23
3.574871232756479666e-02 4.872878788272492193e-23
3.599349655421677646e-02 4.780299029271448515e-23
3.623995690606923031e-02 4.690687688263262187e-23
3.648810486015128390e-02 4.604285672401452115e-23
3.673795197207930380e-02 4.521313148194163010e-23
3.698950987659517520e-02 4.441971711239576833e-23
3.724279028810795200e-02 4.366446634815889770e-23
3.749780500123950366e-02 4.294909182571796673e-23
3.775456589137362456e-02 4.227518974569719464e-23
3.801308491520920957e-02 4.164426399944451867e-23
3.827337411131685740e-02 4.105759545328231064e-23
3.853544560069958880e-02 4.050391311195105683e-23
3.879931158735732549e-02 3.997433213223644974e-23
3.906498435885506770e-02 3.946716028457443502e-23
3.933247628689524183e-02 3.898079016333508449e-23
3.960179982789367725e-02 3.851369260993351359e-23
3.987296752355981577e-02 3.806441073285512558e-23
4.014599200148060570e-02 3.763155447774966406e-23
4.042088597570861475e-02 3.721379570550188358e-23
4.069766224735413274e-02 3.680986374037384190e-23
4.097633370518115326e-02 3.641854135406985058e-23
4.125691332620772672e-02 3.603866115488937435e-23
4.153941417631010907e-02 3.566910235408004564e-23
4.182384941083137908e-02 3.530878788409343298e-23
4.211023227519387901e-02 3.495668184573940318e-23
4.239857610551611006e-02 3.461178726322618734e-23
4.268889432923381189e-02 3.427314412781614816e-23
4.298120046572509456e-02 3.393982771233418900e-23
4.327550812694017091e-02 3.361094714004368944e-23
4.357183101803505793e-02 3.328564419249637515e-23
4.387018293800998975e-02 3.296309234186414581e-23
4.417057778035177185e-02 3.264249599398832761e-23
4.447302953368100636e-02 3.232308992897868597e-23
4.477755228240330732e-02 3.200413892661708327e-23
4.508416020736523422e-02 3.168493756413881960e-23
4.539286758651478459e-02 3.136481017416462865e-23
4.570368879556605674e-02 3.104311095063389532e-23
4.601663830866890847e-02 3.071922419059606772e-23
4.633173069908278624e-02 3.039256465962048766e-23
4.664898063985555010e-02 3.006257806843437061e-23
4.696840290450658706e-02 2.972874164817829069e-23
4.729001236771494809e-02 2.939056481139752156e-23
4.761382400601184978e-02 2.904758988559522124e-23
4.793985289847819964e-02 2.869962092019520403e-23
4.826811422744682611e-02 2.834904212965417873e-23
4.859862327920932978e-02 2.799700655831008827e-23
4.893139544472811797e-02 2.764402752177886811e-23
4.926644622035293575e-02 2.729059908684979465e-23
4.960379120854265661e-02 2.693719589595051247e-23
4.994344611859173610e-02 2.658427307239286800e-23
5.028542676736174472e-02 2.623226620178063847e-23
5.062974908001808411e-02 2.588159138490556692e-23
5.097642909077133161e-02 2.553264535745523415e-23
5.132548294362415664e-02 2.518580567187243204e-23
5.167692689312288618e-02 2.484143093674789414e-23
5.203077730511464910e-02 2.449986110920693891e-23
5.238705065750930839e-02 2.416141783583655929e-23
5.274576354104686809e-02 2.382640483782149422e-23
5.310693266007014690e-02 2.349510833607956056e-23
5.347057483330246858e-02 2.316779751234623823e-23
5.383670699463109777e-02 2.284472500230498591e-23
5.420534619389555386e-02 2.252612741704300901e-23
5.457650959768182986e-02 2.221222588928916998e-23
5.495021449012156556e-02 2.190322664107420751e-23
5.532647827369714666e-02 2.159932156965611019e-23
5.570531847005190385e-02 2.130068884874870754e-23
5.608675272080611979e-02 2.100749354228555933e-23
5.647079878837866357e-02 2.071988822816985166e-23
5.685747455681390561e-02 2.043801362964506110e-23
5.724679803261480820e-02 2.016197093537771942e-23
5.763878734558117861e-02 1.989041444440143949e-23
5.803346074965416018e-02 1.962251547917269902e-23
5.843083662376605952e-02 1.935822477740153957e-23
5.883093347269641865e-02 1.909749374029917395e-23
5.923376992793354112e-02 1.884027442364179289e-23
5.963936474854220071e-02 1.858651952895390784e-23
6.004773682203728979e-02 1.833618239481185563e-23
6.045890516526315067e-02 1.808921698826244879e-23
6.087288892527938783e-02 1.784557789635856391e-23
6.128970738025225906e-02 1.760522031780917337e-23
6.170937994035263080e-02 1.736810005473966177e-23
6.213192614865969271e-02 1.713417350456626830e-23
6.255736568207105608e-02 1.690339765197713166e-23
6.298571835221920823e-02 1.667573006102248560e-23
6.341700410639385110e-02 1.645112886731192136e-23
6.385124302847103306e-02 1.622955277031606042e-23
6.428845533984815785e-02 1.601096102577138292e-23
6.472866140038591176e-02 1.579531343818922228e-23
6.517188170935614422e-02 1.558257035346327233e-23
6.561813690639653474e-02 1.537269265157849246e-23
6.606744777247185174e-02 1.516564173941782572e-23
6.651983523084145644e-02 1.496137954366451687e-23
6.697532034803385659e-02 1.475986850380220519e-23
6.743392433482751913e-02 1.456107156520738464e-23
6.789566854723878830e-02 1.436495217233602113e-23
6.836057448751621524e-02 1.417147426200147635e-23
6.882866380514203464e-02 1.398060225674271243e-23
6.929995829784015016e-02 1.379230105828309497e-23
6.977447991259128068e-02 1.360653604107546850e-23
7.025225074665508718e-02 1.342327304593553798e-23
7.073329304859890532e-02 1.324247837376020335e-23
7.121762921933416646e-02 1.306411877933150972e-23
7.170528181315916072e-02 1.288801218126204596e-23
7.219627353880971043e-02 1.271283319565439495e-23
7.269062726051632450e-02 1.253847843508510792e-23
7.318836599906922147e-02 1.236518884032311709e-23
7.368951293289011106e-02 1.219319293568730985e-23
7.419409139911163631e-02 1.202270702956542762e-23
7.470212489466425410e-02 1.185393545500974592e-23
7.521363707737016568e-02 1.168707084668924464e-23
7.572865176704529633e-02 1.152229445060217241e-23
7.624719294660822766e-02 1.135977646309273904e-23
7.676928476319733186e-02 1.119967639586948278e-23
7.729495152929494184e-02 1.104214346389454505e-23
7.782421772385966774e-02 1.088731699318013446e-23
7.835710799346641553e-02 1.073532684572061865e-23
7.889364715345385803e-02 1.058629385897272532e-23
7.943386018908035751e-02 1.044033029748936875e-23
7.997777225668707690e-02 1.029754031451306250e-23
8.052540868486986192e-02 1.015802042152580361e-23
8.107679497565832560e-02 1.002185996395394078e-23
8.163195680570368984e-02 9.889141601421340266e-24
8.219092002747445391e-02 9.759941791136779634e-24
8.275371067046007056e-02 9.634331273198951957e-24
8.332035494238342055e-02 9.512375556785440274e-24
8.389087923042082284e-02 9.394135406382321537e-24
8.446531010243124582e-02 9.279667327393219753e-24
8.504367430819312346e-02 9.169024050644080626e-24
8.562599878065033088e-02 9.062280416137179139e-24
8.621231063716615350e-02 8.960262404325082508e-24
8.680263718078615187e-02 8.862989663856339583e-24
8.739700590150975557e-02 8.769989170282382922e-24
8.799544447757007282e-02 8.680808746699483191e-24
8.859798077672315086e-02 8.595015274165402506e-24
8.920464285754536871e-02 8.512193124093676790e-24
8.981545897074037776e-02 8.431942796782337692e-24
9.043045756045436923e-02 8.353879752011744908e-24
9.104966726560091705e-02 8.277633419151508421e-24
9.167311692119438360e-02 8.202846375484622565e-24
9.230083555969276210e-02 8.129173682506487214e-24
9.293285241234983118e-02 8.056282370803442375e-24
9.356919691057605237e-02 7.983851064782318070e-24
9.420989868730944572e-02 7.911569739017682806e-24
9.485498757839519457e-02 7.839139598326881339e-24
9.550449362397538111e-02 7.766273073881052680e-24
9.615844706988754820e-02 7.692693927732494590e-24
9.681687836907328093e-02 7.618137458089085036e-24
9.747981818299654433e-02 7.542350797513149846e-24
9.814729738307109708e-02 7.465093295976416981e-24
9.881934705209853564e-02 7.386136980369556847e-24
9.949599848571527572e-02 7.305267081668980927e-24
1.001772831938504138e-01 7.222282620511904930e-24
1.008632329021926233e-01 7.136997041435200057e-24
1.015538795536677363e-01 7.049238885515074772e-24
1.022492553099263735e-01 6.958852490618162329e-24
1.029493925528412596e-01 6.863593245126770639e-24
1.036543238860156563e-01 6.761904334896797772e-24
1.043640821363010923e-01 6.654882957155622384e-24
1.050787003553265569e-01 6.543590533713566833e-24
1.057982118210371164e-01 6.429045246892974315e-24
1.065226500392440906e-01 6.312216716346044321e-24
1.072520487451848886e-01 6.194022098949379015e-24
1.079864419050941687e-01 6.075323517485523757e-24
1.087258637177857257e-01 5.956926711392319305e-24
1.094703486162446476e-01 5.839580795276518047e-24
1.102199312692312139e-01 5.723979007643769786e-24
1.109746465828948953e-01 5.610760332847183154e-24
1.117345297024002759e-01 5.500511883048122124e-24
1.124996160135632306e-01 5.393771933463550278e-24
1.132699411444992310e-01 5.291033512845982229e-24
1.140455409672819914e-01 5.192748461526986564e-24
1.148264515996141877e-01 5.099331881060231410e-24
1.156127094065094868e-01 5.011166912181762583e-24
1.164043510019855954e-01 4.928609791202801182e-24
1.172014132507697426e-01 4.851778581265713423e-24
1.180039332700148907e-01 4.777977372015900643e-24
1.188119484310286439e-01 4.706256719609856063e-24
1.196254963610132172e-01 4.636550676973578889e-24
1.204446149448176462e-01 4.568795754702705511e-24
1.212693423267023618e-01 4.502930819198051862e-24
1.220997169121148945e-01 4.438896995415909303e-24
1.229357773694788741e-01 4.376637574008585615e-24
1.237775626319942424e-01 4.316097922639528317e-24
1.246251118994507051e-01 4.257225401271125905e-24
1.254784646400528003e-01 4.199969281231649963e-24
1.263376605922579554e-01 4.144280667879569991e-24
1.272027397666272708e-01 4.090112426691324335e-24
1.280737424476881825e-01 4.037419112609276221e-24
1.289507091958109752e-01 3.986156902492798546e-24
1.298336808490970495e-01 3.936283530526194953e-24
1.307226985252811502e-01 3.887758226441426626e-24
1.316178036236456128e-01 3.840541656423998233e-24
1.325190378269487657e-01 3.794595866574325257e-24
1.334264431033654053e-01 3.749884228805420614e-24
1.343400617084415938e-01 3.706508875138578770e-24
1.352599361870622796e-01 3.664820886194583866e-24
1.361861093754322960e-01 3.624711054437870639e-24
1.371186244030715429e-01 3.586041668143006406e-24
1.380575246948229085e-01 3.548680855194237588e-24
1.390028539728749846e-01 3.512502161315087531e-24
1.399546562587975773e-01 3.477384173985420132e-24
1.409129758755922057e-01 3.443210188938729194e-24
1.418778574497555900e-01 3.409867916430465223e-24
1.428493459133581556e-01 3.377249224727334352e-24
1.438274865061363594e-01 3.345249918491979482e-24
1.448123247775991440e-01 3.313769549928417132e-24
1.458039065891495178e-01 3.282711260718700629e-24
1.468022781162195700e-01 3.251981652913752922e-24
1.478074858504214995e-01 3.221490687055852878e-24
1.488195766017118560e-01 3.191151605895899535e-24
1.498385975005718240e-01 3.160880882136995140e-24
1.508645960002020781e-01 3.130598188684469883e-24
1.518976198787319321e-01 3.100226389913345222e-24
1.529377172414450869e-01 3.069691552477626708e-24
1.539849365230189504e-01 3.038922974189052807e-24
1.550393264897808321e-01 3.007853229478827206e-24
1.561009362419782942e-01 2.976418229932614533e-24
1.571698152160658501e-01 2.944557298358072428e-24
1.582460131870074282e-01 2.912213254800396929e-24
1.593295802705935182e-01 2.879332512876921133e-24
1.604205669257757205e-01 2.845859487577391202e-24
1.615190239570158670e-01 2.811765140499025541e-24
1.626250025166523783e-01 2.777146605756725790e-24
1.637385541072817474e-01 2.742112541922668905e-24
1.648597305841575100e-01 2.706767641864171172e-24
1.659885841576043963e-01 2.671212498444403790e-24
1.671251673954499417e-01 2.635543507001266376e-24
1.682695332254726672e-01 2.599852802505186398e-24
1.694217349378661641e-01 2.564228229213398968e-24
1.705818261877214692e-01 2.528753340591287161e-24
1.717498609975247614e-01 2.493507427249043376e-24
1.729258937596739876e-01 2.458565570651592775e-24
1.741099792390108369e-01 2.423998720388838686e-24
1.753021725753719506e-01 2.389873792847052575e-24
1.765025292861558126e-01 2.356253789193415420e-24
1.777111052689084036e-01 2.323197930673571232e-24
1.789279568039265078e-01 2.290761809323647010e-24
1.801531405568778665e-01 2.258997552312601368e-24
1.813867135814406784e-01 2.227953998252912974e-24
1.826287333219597520e-01 2.197676883950012200e-24
1.838792576161222547e-01 2.167941011190150789e-24
1.851383446976503644e-01 2.138267971178453324e-24
1.864060531990134884e-01 2.108712513471787686e-24
1.876824421541587185e-01 2.079341028931543995e-24
1.889675710012593546e-01 2.050216397942173591e-24
1.902614995854836066e-01 2.021398052800848879e-24
1.915642881617804771e-01 1.992942058111270900e-24
1.928759973976865993e-01 1.964901207436766724e-24
1.941966883761506446e-01 1.937325134538686373e-24
1.955264225983781023e-01 1.910260437610119026e-24
1.968652619866955167e-01 1.883750815009147194e-24
1.982132688874333193e-01 1.857837211096212089e-24
1.995705060738300618e-01 1.832557970891195117e-24
2.009370367489546894e-01 1.807949002377047504e-24
2.023129245486505190e-01 1.784043945396941492e-24
2.036982335444979531e-01 1.760874346211652017e-24
2.050930282467987864e-01 1.738469836906940278e-24
2.064973736075796096e-01 1.716858318965362615e-24
2.079113350236168611e-01 1.696066150441704259e-24
2.093349783394822528e-01 1.676115466468663697e-24
2.107683698506088721e-01 1.656862109783426022e-24
2.122115763063781024e-01 1.638187761873057961e-24
2.136646649132284137e-01 1.620056094090716576e-24
2.151277033377845538e-01 1.602432251118169733e-24
2.166007597100094717e-01 1.585282765154677457e-24
2.180839026263758085e-01 1.568575476921978556e-24
2.195772011530609247e-01 1.552279463054365302e-24
2.210807248291630500e-01 1.536364969476727434e-24
2.225945436699392765e-01 1.520803350403978028e-24
2.241187281700668943e-01 1.505567012622836342e-24
2.256533493069248220e-01 1.490629364742169436e-24
2.271984785438996846e-01 1.475964771120103081e-24
2.287541878337135126e-01 1.461548510196549197e-24
2.303205496217740900e-01 1.447356736977719294e-24
2.318976368495496154e-01 1.433366449435133834e-24
2.334855229579639035e-01 1.419555458596053218e-24
2.350842818908172038e-01 1.405902362114558013e-24
2.366939880982293076e-01 1.392386521123869218e-24
2.383147165401072465e-01 1.378988040179749751e-24
2.399465426896347231e-01 1.365687750113140588e-24
2.415895425367874938e-01 1.352467193617621419e-24
2.432437925918719546e-01 1.339308613402566263e-24
2.449093698890876247e-01 1.326194942748336002e-24
2.465863519901155820e-01 1.313109798303555950e-24
2.482748169877286581e-01 1.300037474967677425e-24
2.499748435094291676e-01 1.286962942704423780e-24
2.516865107211098129e-01 1.273727898258106803e-24
2.534098983307411790e-01 1.260193286111890475e-24
2.551450865920821820e-01 1.246426455586451467e-24
2.568921563084181070e-01 1.232492950514843049e-24
2.586511888363233758e-01 1.218455885851914036e-24
2.604222660894496277e-01 1.204375879856857952e-24
2.622054705423414456e-01 1.190311016995844860e-24
2.640008852342752288e-01 1.176316839596100910e-24
2.658085937731274329e-01 1.162446366249752065e-24
2.676286803392671776e-01 1.148750134970677935e-24
2.694612296894775549e-01 1.135276269145219913e-24
2.713063271609008620e-01 1.122070564385212650e-24
2.731640586750136435e-01 1.109176594486252849e-24
2.750345107416274915e-01 1.096635834811082686e-24
2.769177704629174341e-01 1.084487801555803829e-24
2.788139255374790793e-01 1.072770205511675428e-24
2.807230642644107377e-01 1.061519119105405578e-24
2.826452755474266887e-01 1.050769155684979774e-24
2.845806488989964245e-01 1.040553660212701078e-24
2.865292744445142037e-01 1.030904910733772465e-24
2.884912429264941958e-01 1.021854330204092858e-24
2.904666457087974329e-01 1.013432708486703954e-24
2.924555747808859074e-01 1.005670434561686677e-24
2.944581227621061448e-01 9.985977392404584518e-25
2.964743829060033642e-01 9.922449489336077184e-25
2.985044491046621729e-01 9.866427512929897626e-25
3.005484158930804006e-01 9.816803610705865498e-25
3.026063784535706347e-01 9.770021969990952246e-25
3.046784326201926185e-01 9.725728879846111947e-25
3.067646748832171255e-01 9.683749073557755657e-25
3.088652023936173108e-01 9.643911485591053151e-25
3.109801129675943132e-01 9.606048891900855490e-25
3.131095050911312794e-01 9.569997580664949540e-25
3.152534779245811936e-01 9.535597052116175563e-25
3.174121313072825745e-01 9.502689746284252080e-25
3.195855657622097001e-01 9.471120797586626382e-25
3.217738825006539183e-01 9.440737815325587713e-25
3.239771834269359885e-01 9.411390689246157762e-25
3.261955711431530625e-01 9.382931419400875392e-25
3.284291489539546416e-01 9.355213969646752857e-25
3.306780208713543390e-01 9.328094144167194552e-25
3.329422916195729498e-01 9.301429486466719218e-25
3.352220666399166604e-01 9.275079200338621316e-25
3.375174520956847335e-01 9.248904092339780109e-25
3.398285548771150522e-01 9.222766535335387635e-25
3.421554826063611943e-01 9.196530452700427696e-25
3.444983436425037016e-01 9.170061322769318703e-25
3.468572470865976531e-01 9.143226203132439676e-25
3.492323027867510477e-01 9.115893774370700624e-25
3.516236213432414881e-01 9.087934402804101389e-25
3.540313141136662844e-01 9.059220221811038612e-25
3.564554932181276392e-01 9.029625231243907417e-25
3.588962715444554696e-01 8.999192249450448579e-25
3.613537627534618157e-01 8.968736025677974451e-25
3.638280812842354384e-01 8.938382875775103443e-25
3.663193423594700016e-01 8.908132450905842160e-25
3.688276619908314458e-01 8.877984403414994137e-25
3.713531569843578906e-01 8.847938386823867453e-25
3.738959449459006157e-01 8.817994055826294576e-25
3.764561442866002361e-01 8.788151066284813846e-25
3.790338742284004581e-01 8.758409075226849116e-25
3.816292548096014703e-01 8.728767740839987573e-25
3.842424068904473633e-01 8.699226722469116307e-25
3.868734521587561814e-01 8.669785680612017879e-25
3.895225131355854464e-01 8.640444276915169765e-25
3.921897131809394810e-01 8.611202174170228898e-25
3.948751764995114821e-01 8.582059036310281100e-25
3.975790281464689491e-01 8.553014528405633183e-25
4.003013940332770249e-01 8.524068316659898921e-25
4.030424009335611957e-01 8.495220068406852762e-25
4.058021764890126226e-01 8.466469452105494593e-25
4.085808492153295002e-01 8.437816137337564670e-25
4.113785485082034343e-01 8.409259794802492662e-25
4.141954046493442898e-01 8.380800096314378106e-25
4.170315488125485581e-01 8.352436714798004742e-25
4.198871130698055287e-01 8.324169324285295665e-25
4.227622303974490348e-01 8.295997599910809711e-25
4.256570346823493889e-01 8.267921217909104861e-25
4.285716607281478407e-01 8.239830427830529394e-25
4.315062442615357208e-01 8.210289478529780391e-25
4.344609219385723309e-01 8.179058560636791679e-25
4.374358313510502416e-01 8.146399035728765296e-25
4.404311110329019452e-01 8.112569234182235599e-25
4.434469004666525271e-01 8.077824056149280266e-25
4.464833400899126947e-01 8.042414652704943965e-25
4.495405713019199334e-01 8.006588185525990249e-25
4.526187364701231841e-01 7.970587663226896562e-25
4.557179789368116518e-01 7.934651852305130477e-25
4.588384430257918534e-01 7.899015260540259190e-25
4.619802740491056881e-01 7.863908190649755596e-25
4.651436183137991343e-01 7.829556862015761004e-25
4.683286231287348556e-01 7.796183598372702168e-25
4.715354368114514916e-01 7.764007079469707960e-25
4.747642086950724094e-01 7.733242654902619033e-25
4.780150891352568099e-01 7.704102718538808973e-25
4.812882295172035696e-01 7.676797142235540272e-25
4.845837822626994917e-01 7.651533767878244604e-25
4.879019008372195154e-01 7.628518957132196164e-25
4.912427397570700016e-01 7.607958198723466297e-25
4.946064545965864201e-01 7.590056773519557071e-25
4.979932019953772215e-01 7.575020478196271983e-25
5.014031396656178918e-01 7.563056408830608164e-25
5.048364263993972978e-01 7.554373806369497470e-25
5.082932220761086084e-01 7.549184966590040355e-25
5.117736876698973925e-01 7.547680448099980893e-25
5.152779852571559571e-01 7.547680448099980893e-25
5.188062780240735306e-01 7.547680448099980893e-25
5.223587302742316307e-01 7.547680448099980893e-25
5.259355074362580540e-01 7.547680448099980893e-25
5.295367760715294914e-01 7.547680448099980893e-25
5.331627038819273245e-01 7.547680448099980893e-25
5.368134597176495992e-01 7.547680448099980893e-25
5.404892135850702939e-01 7.547680448099980893e-25
5.441901366546585406e-01 7.547680448099980893e-25
5.479164012689486940e-01 7.547680448099980893e-25
5.516681809505658007e-01 7.547680448099980893e-25
5.554456504103081338e-01 7.547680448099980893e-25
5.592489855552792433e-01 7.547680448099980893e-25
5.630783634970826235e-01 7.547680448099980893e-25
5.669339625600674504e-01 7.547680448099980893e-25
5.708159622896353813e-01 7.547680448099980893e-25
5.747245434605977588e-01 7.547680448099980893e-25
5.786598880855966520e-01 7.547680448099980893e-25
5.826221794235795226e-01 7.547680448099980893e-25
5.866116019883330646e-01 7.547680448099980893e-25
5.906283415570774409e-01 7.547680448099980893e-25
5.946725851791144768e-01 7.547680448099980893e-25
5.987445211845396909e-01 7.547680448099980893e-25
6.028443391930119466e-01 7.547680448099980893e-25
6.069722301225853878e-01 7.547680448099980893e-25
6.111283861985965515e-01 7.547680448099980893e-25
6.153130009626182062e-01 7.547680448099980893e-25
6.195262692814719196e-01 7.547680448099980893e-25
6.237683873563009129e-01 7.547680448099980893e-25
6.280395527317103044e-01 7.547680448099980893e-25
6.323399643049614216e-01 7.547680448099980893e-25
6.366698223352372787e-01 7.547680448099980893e-25
6.410293284529664515e-01 7.547680448099980893e-25
6.454186856692151197e-01 7.547680448099980893e-25
6.498380983851370640e-01 7.547680448099980893e-25
6.542877724014943830e-01 7.547680448099980893e-25
6.587679149282407165e-01 7.547680448099980893e-25
6.632787345941697499e-01 7.547680448099980893e-25
6.678204414566333291e-01 7.547680448099980893e-25
6.723932470113188620e-01 7.547680448099980893e-25
6.769973642021012150e-01 7.547680448099980893e-25
6.816330074309576714e-01 7.547680448099980893e-25
6.863003925679544981e-01 7.547680448099980893e-25
6.909997369612952411e-01 7.547680448099980893e-25
6.957312594474455159e-01 7.547680448099980893e-25
7.004951803613221895e-01 7.547680448099980893e-25
7.052917215465537293e-01 7.547680448099980893e-25
7.101211063658131595e-01 7.547680448099980893e-25
7.149835597112157437e-01 7.547680448099980893e-25
7.198793080147941614e-01 7.547680448099980893e-25
7.248085792590421850e-01 7.547680448099980893e-25
7.297716029875307431e-01 7.547680448099980893e-25
7.347686103155999238e-01 7.547680448099980893e-25
7.397998339411168134e-01 7.547680448099980893e-25
7.448655081553150481e-01 7.547680448099980893e-25
7.499658688537034212e-01 7.547680448099980893e-25
7.551011535470538716e-01 7.547680448099980893e-25
7.602716013724573063e-01 7.547680448099980893e-25
7.654774531044628016e-01 7.547680448099980893e-25
7.707189511662886350e-01 7.547680448099980893e-25
7.759963396411110326e-01 7.547680448099980893e-25
7.813098642834336305e-01 7.547680448099980893e-25
7.866597725305262134e-01 7.547680448099980893e-25
7.920463135139513833e-01 7.547680448099980893e-25
7.974697380711637251e-01 7.547680448099980893e-25
8.029302987571939054e-01 7.547680448099980893e-25
8.084282498564051567e-01 7.547680448099980893e-25
8.139638473943372476e-01 7.547680448099980893e-25
8.195373491496286134e-01 7.547680448099980893e-25
8.251490146660195313e-01 7.547680448099980893e-25
8.307991052644414509e-01 7.547680448099980893e-25
8.364878840551812633e-01 7.547680448099980893e-25
8.422156159501371642e-01 7.547680448099980893e-25
8.479825676751537866e-01 7.547680448099980893e-25
8.537890077824421553e-01 7.547680448099980893e-25
8.596352066630892352e-01 7.547680448099980893e-25
8.655214365596437531e-01 7.547680448099980893e-25
8.714479715787972758e-01 7.547680448099980893e-25
8.774150877041474450e-01 7.547680448099980893e-25
8.834230628090529169e-01 7.547680448099980893e-25
8.894721766695679044e-01 7.547680448099980893e-25
8.955627109774743078e-01 7.547680448099980893e-25
9.016949493533985560e-01 7.547680448099980893e-25
9.078691773600180426e-01 7.547680448099980893e-25
9.140856825153625964e-01 7.547680448099980893e-25
9.203447543061984426e-01 7.547680448099980893e-25
9.266466842015120831e-01 7.547680448099980893e-25
9.329917656660814407e-01 7.547680448099980893e-25
9.393802941741455914e-01 7.547680448099980893e-25
9.458125672231588732e-01 7.547680448099980893e-25
9.522888843476480236e-01 7.547680448099980893e-25
9.588095471331595787e-01 7.547680448099980893e-25
9.653748592303037501e-01 7.547680448099980893e-25
9.719851263688976672e-01 7.547680448099980893e-25
9.786406563721973262e-01 7.547680448099980893e-25
9.853417591712354540e-01 7.547680448099980893e-25
9.920887468192524095e-01 7.547680448099980893e-25
9.988819335062321114e-01 7.547680448099980893e-25
1.005721635573526340e+00 7.547680448099980893e-25
1.012608171528590617e+00 7.547680448099980893e-25
1.019541862059815118e+00 7.547680448099980893e-25
1.026523030051456509e+00 7.547680448099980893e-25
1.033552000598679133e+00 7.547680448099980893e-25
1.040629101022687131e+00 7.547680448099980893e-25
1.047754660885971134e+00 7.547680448099980893e-25
1.054929012007652656e+00 7.547680448099980893e-25
1.062152488478941281e+00 7.547680448099980893e-25
1.069425426678684898e+00 7.547680448099980893e-25
1.076748165289038939e+00 7.547680448099980893e-25
1.084121045311237097e+00 7.547680448099980893e-25
1.091544410081469296e+00 7.547680448099980893e-25
1.099018605286874006e+00 7.547680448099980893e-25
1.106543978981630705e+00 7.547680448099980893e-25
1.114120881603171132e+00 7.547680448099980893e-25
1.121749665988497568e+00 7.547680448099980893e-25
1.129430687390612142e+00 7.547680448099980893e-25
1.137164303495065365e+00 7.547680448099980893e-25
1.144950874436605037e+00 7.547680448099980893e-25
1.152790762815951275e+00 7.547680448099980893e-25
1.160684333716680339e+00 7.547680448099980893e-25
1.168631954722229915e+00 7.547680448099980893e-25
1.176633995933009436e+00 7.547680448099980893e-25
1.184690829983638949e+00 7.547680448099980893e-25
1.192802832060301910e+00 7.547680448099980893e-25
1.200970379918214315e+00 7.547680448099980893e-25
1.209193853899220628e+00 7.547680448099980893e-25
1.217473636949498950e+00 7.547680448099980893e-25
1.225810114637397641e+00 7.547680448099980893e-25
1.234203675171388515e+00 7.547680448099980893e-25
1.242654709418149483e+00 7.547680448099980893e-25
1.251163610920758451e+00 7.547680448099980893e-25
1.259730775917025536e+00 7.547680448099980893e-25
1.268356603357942092e+00 7.547680448099980893e-25
1.277041494926259180e+00 7.547680448099980893e-25
1.285785855055196381e+00 7.547680448099980893e-25
1.294590090947269401e+00 7.547680448099980893e-25
1.303454612593255790e+00 7.547680448099980893e-25
1.312379832791287226e+00 7.547680448099980893e-25
1.321366167166069916e+00 7.547680448099980893e-25
1.330414034188245997e+00 7.547680448099980893e-25
1.339523855193871293e+00 7.547680448099980893e-25
1.348696054404042055e+00 7.547680448099980893e-25
1.357931058944646274e+00 7.547680448099980893e-25
1.367229298866260434e+00 7.547680448099980893e-25
1.376591207164166830e+00 7.547680448099980893e-25
1.386017219798523215e+00 7.547680448099980893e-25
1.395507775714661669e+00 7.547680448099980893e-25
1.405063316863529366e+00 7.547680448099980893e-25
1.414684288222274100e+00 7.547680448099980893e-25
1.424371137814956390e+00 7.547680448099980893e-25
1.434124316733420113e+00 7.547680448099980893e-25
1.443944279158294597e+00 7.547680448099980893e-25
1.453831482380150808e+00 7.547680448099980893e-25
1.463786386820787655e+00 7.547680448099980893e-25
1.473809456054678169e+00 7.547680448099980893e-25
1.483901156830555790e+00 7.547680448099980893e-25
1.494061959093148317e+00 7.547680448099980893e-25
1.504292336005067288e+00 7.547680448099980893e-25
1.514592763968833911e+00 7.547680448099980893e-25
1.524963722649069098e+00 7.547680448099980893e-25
1.535405694994827819e+00 7.547680448099980893e-25
1.545919167262094662e+00 7.547680448099980893e-25
1.556504629036417953e+00 7.547680448099980893e-25
1.567162573255715508e+00 7.547680448099980893e-25
1.577893496233227388e+00 7.547680448099980893e-25
1.588697897680625859e+00 7.547680448099980893e-25
1.599576280731293432e+00 7.547680448099980893e-25
1.610529151963741690e+00 7.547680448099980893e-25
1.621557021425208411e+00 7.547680448099980893e-25
1.632660402655405463e+00 7.547680448099980893e-25
1.643839812710439663e+00 7.547680448099980893e-25
1.655095772186881753e+00 7.547680448099980893e-25
1.666428805246014555e+00 7.547680448099980893e-25
1.677839439638241226e+00 7.547680448099980893e-25
1.689328206727658488e+00 7.547680448099980893e-25
1.700895641516808832e+00 7.547680448099980893e-25
1.712542282671583260e+00 7.547680448099980893e-25
1.724268672546312775e+00 7.547680448099980893e-25
1.736075357209022396e+00 7.547680448099980893e-25
1.747962886466858823e+00 7.547680448099980893e-25
1.759931813891699948e+00 7.547680448099980893e-25
1.771982696845923355e+00 7.547680448099980893e-25
1.784116096508368221e+00 7.547680448099980893e-25
1.796332577900463967e+00 7.547680448099980893e-25
1.808632709912549652e+00 7.547680448099980893e-25
1.821017065330354123e+00 7.547680448099980893e-25
1.833486220861677563e+00 7.547680448099980893e-25
1.846040757163244228e+00 7.547680448099980893e-25
1.858681258867741493e+00 7.547680448099980893e-25
1.871408314611051393e+00 7.547680448099980893e-25
1.884222517059650492e+00 7.547680448099980893e-25
1.897124462938216904e+00 7.547680448099980893e-25
1.910114753057414738e+00 7.547680448099980893e-25
1.923193992341878822e+00 7.547680448099980893e-25
1.936362789858373956e+00 7.547680448099980893e-25
1.949621758844164887e+00 7.547680448099980893e-25
1.962971516735571686e+00 7.547680448099980893e-25
1.976412685196719199e+00 7.547680448099980893e-25
1.989945890148495877e+00 7.547680448099980893e-25
2.003571761797687589e+00 7.547680448099980893e-25
2.017290934666334579e+00 7.547680448099980893e-25
2.031104047621275388e+00 7.547680448099980893e-25
2.045011743903897283e+00 7.547680448099980893e-25
2.059014671160098064e+00 7.547680448099980893e-25
2.073113481470430841e+00 7.547680448099980893e-25
2.087308831380481511e+00 7.547680448099980893e-25
2.101601381931435863e+00 7.547680448099980893e-25
2.115991798690870951e+00 7.547680448099980893e-25
2.130480751783737414e+00 7.547680448099980893e-25
2.145068915923573627e+00 7.547680448099980893e-25
2.159756970443922786e+00 7.547680448099980893e-25
2.174545599329965384e+00 7.547680448099980893e-25
2.189435491250380394e+00 7.547680448099980893e-25
2.204427339589400514e+00 7.547680448099980893e-25
2.219521842479111218e+00 7.547680448099980893e-25
2.234719702831955868e+00 7.547680448099980893e-25
2.250021628373476634e+00 7.547680448099980893e-25
2.265428331675261031e+00 7.547680448099980893e-25
2.280940530188129145e+00 7.547680448099980893e-25
2.296558946275545576e+00 7.547680448099980893e-25
2.312284307247252091e+00 7.547680448099980893e-25
2.328117345393148518e+00 7.547680448099980893e-25
2.344058798017378820e+00 7.547680448099980893e-25
2.360109407472674281e+00 7.547680448099980893e-25
2.376269921194918311e+00 7.547680448099980893e-25
2.392541091737963033e+00 7.547680448099980893e-25
2.408923676808658598e+00 7.547680448099980893e-25
2.425418439302147622e+00 7.547680448099980893e-25
2.442026147337388764e+00 7.547680448099980893e-25
2.458747574292923677e+00 7.547680448099980893e-25
2.475583498842900632e+00 7.547680448099980893e-25
2.492534704993321970e+00 7.547680448099980893e-25
2.509601982118561114e+00 7.547680448099980893e-25
2.526786124998118499e+00 7.547680448099980893e-25
2.544087933853641736e+00 7.547680448099980893e-25
2.561508214386174043e+00 7.547715494255743486e-25
2.579047777813686437e+00 7.548571298358728453e-25
2.596707440908847087e+00 7.550546786244544316e-25
2.614488026037058876e+00 7.553608509323776231e-25
2.632390361194760775e+00 7.557723442195324591e-25
2.650415280047972555e+00 7.562858934942689810e-25
2.668563621971126842e+00 7.568982667162390278e-25
2.686836232086152521e+00 7.576062603663760626e-25
2.705233961301828138e+00 7.584066951785152076e-25
2.723757666353417761e+00 7.592964120276554317e-25
2.742408209842549738e+00 7.602722679704757151e-25
2.761186460277397448e+00 7.613311324342630694e-25
2.780093292113117620e+00 7.624698835507252880e-25
2.799129585792583086e+00 7.636854046317954238e-25
2.818296227787365993e+00 7.649745807849807628e-25
2.837594110639027889e+00 7.663342956660683124e-25
2.857024133000683364e+00 7.677614283675817956e-25
2.876587199678843465e+00 7.692528504417438521e-25
2.896284221675560655e+00 7.708054230569503359e-25
2.916116116230837108e+00 7.724159942873091051e-25
2.936083806865347423e+00 7.740813965349309692e-25
2.956188223423441119e+00 7.757984440851814459e-25
2.976430302116452431e+00 7.775639307952525876e-25
2.996810985566281005e+00 7.793746279167351937e-25
3.017331222849299444e+00 7.812272820532919666e-25
3.037991969540545067e+00 7.831186132545662390e-25
3.058794187758217209e+00 7.850453132477780063e-25
3.079738846208491587e+00 7.870040438088923741e-25
3.100826920230612682e+00 7.889914352751019867e-25
3.122059391842324505e+00 7.910040852007701838e-25
3.143437249785598908e+00 7.930385571592047939e-25
3.164961489572673869e+00 7.950913796926158458e-25
3.186633113532426176e+00 7.971590454128857167e-25
3.208453130857026103e+00 7.992380102558197209e-25
3.230422557648949144e+00 8.013246928917553535e-25
3.252542416968283501e+00 8.034154742953210734e-25
3.274813738880385738e+00 8.055066974774452637e-25
3.297237560503829101e+00 8.075946673824065289e-25
3.319814926058711979e+00 8.096756509532274554e-25
3.342546886915281679e+00 8.117458773681435757e-25
3.365434501642889931e+00 8.138015384513918078e-25
3.388478836059302335e+00 8.158387892611727094e-25
3.411680963280310230e+00 8.178537488577157314e-25
3.435041963769715156e+00 8.198425012541777411e-25
3.458562925389638387e+00 8.218010965532720394e-25
3.482244943451192842e+00 8.237255522720099036e-25
3.506089120765467637e+00 8.256282235086996837e-25
3.530096567694898102e+00 8.276668546056148959e-25
3.554268402204967980e+00 8.298714096387142028e-25
3.578605749916267786e+00 8.322285629544946607e-25
3.603109744156925309e+00 8.347249128903340933e-25
3.627781526015361191e+00 8.373469571602750710e-25
3.652622244393440187e+00 8.400810704575991158e-25
3.677633056059965710e+00 8.429134842899199806e-25
3.702815125704562060e+00 8.458302690727624912e-25
3.728169625991889724e+00 8.488173185166754143e-25
3.753697737616266572e+00 8.518603363510037521e-25
3.779400649356647879e+00 8.549448254341257905e-25
3.805279558131978934e+00 8.580560793061989811e-25
3.831335669056950000e+00 8.611791762446427658e-25
3.857570195498090992e+00 8.642989758865952495e-25
3.883984359130290276e+00 8.674001184843866701e-25
3.910579389993677601e+00 8.704670268614857750e-25
3.937356526550919611e+00 8.734839111357775487e-25
3.964317015744867945e+00 8.764347762754969025e-25
3.991462113056642114e+00 8.793034325501097900e-25
4.018793082564091179e+00 8.820735089336827493e-25
4.046311197000651561e+00 8.847284695125862332e-25
4.074017737814635609e+00 8.872516329415424203e-25
4.101913995228876786e+00 8.896261949830878290e-25
4.130001268300829587e+00 8.918352541547379181e-25
4.158280864983062486e+00 8.938618404960742223e-25
4.186754102184156778e+00 8.956889474537687239e-25
4.215422305830052174e+00 8.972995668675669139e-25
4.244286810925762765e+00 8.986767270229802280e-25
4.273348961617567277e+00 8.998035337181041398e-25
4.302610111255588343e+00 9.006632142721488861e-25
4.332071622456833637e+00 9.012391643819360485e-25
4.361734867168627794e+00 9.015149977101249884e-25
4.391601226732509744e+00 9.015377629099986491e-25
4.421672091948560812e+00 9.015377629099986491e-25
4.451948863140163581e+00 9.015377629099986491e-25
4.482432950219227941e+00 9.015377629099986491e-25
4.513125772751823028e+00 9.015377629099986491e-25
4.544028760024299451e+00 9.015377629099986491e-25
4.575143351109837830e+00 9.015377629099986491e-25
4.606470994935482288e+00 9.015377629099986491e-25
4.638013150349583391e+00 9.015377629099986491e-25
4.669771286189754456e+00 9.015377629099986491e-25
4.701746881351266616e+00 9.015377629099986491e-25
4.733941424855909297e+00 9.015377629099986491e-25
4.766356415921352507e+00 9.015377629099986491e-25
4.798993364030931907e+00 9.015377629099986491e-25
4.831853789003958788e+00 9.015377629099986491e-25
4.864939221066493680e+00 9.015377629099986491e-25
4.898251200922596915e+00 9.015377629099986491e-25
4.931791279826094332e+00 9.015377629099986491e-25
4.965561019652787955e+00 9.015377629099986491e-25
4.999561992973208469e+00 9.015377629099986491e-25
5.033795783125832202e+00 9.015377629099986491e-25
5.068263984290839019e+00 9.015377629099986491e-25
5.102968201564311634e+00 9.015377629099986491e-25
5.137910051033009573e+00 9.015377629099986491e-25
5.173091159849613874e+00 9.015377629099986491e-25
5.208513166308497588e+00 9.015377629099986491e-25
5.244177719922037184e+00 9.015377629099986491e-25
5.280086481497397344e+00 9.015377629099986491e-25
5.316241123213885089e+00 9.015377629099986491e-25
5.352643328700814607e+00 9.015377629099986491e-25
5.389294793115928961e+00 9.015377629099986491e-25
5.426197223224304977e+00 9.015377629099986491e-25
5.463352337477857645e+00 9.015377629099986491e-25
5.500761866095357000e+00 9.015377629099986491e-25
5.538427551142993899e+00 9.015377629099986491e-25
5.576351146615527554e+00 9.015377629099986491e-25
5.614534418517929559e+00 9.015377629099986491e-25
5.652979144947644308e+00 9.015377629099986491e-25
5.691687116177382322e+00 9.015377629099986491e-25
5.730660134738507772e+00 9.015377629099986491e-25
5.769900015504943802e+00 9.015377629099986491e-25
5.809408585777712908e+00 9.015377629099986491e-25
5.849187685370020873e+00 9.015377629099986491e-25
5.889239166692925131e+00 9.015377629099986491e-25
5.929564894841624856e+00 9.015377629099986491e-25
5.970166747682275066e+00 9.015377629099986491e-25
6.011046615939457105e+00 9.016729642011569836e-25
6.052206403284215774e+00 9.022553073264491720e-25
6.093648026422728847e+00 9.032834064967234228e-25
6.135373415185531698e+00 9.047427798004650704e-25
6.177384512617403622e+00 9.066194753704264561e-25
6.219683275067848349e+00 9.089000010643084707e-25
6.262271672282187396e+00 9.115712575033109540e-25
6.305151687493314228e+00 9.146204741812120918e-25
6.348325317514007082e+00 9.180351483901548869e-25
6.391794572829942567e+00 9.218029867398601439e-25
6.435561477693311438e+00 9.259118490763211541e-25
6.479628070217078317e+00 9.303496946329485797e-25
6.523996402469916411e+00 9.351045302728037065e-25
6.568668540571727554e+00 9.401643607047613018e-25
6.613646564789880777e+00 9.455171405796589526e-25
6.658932569636077048e+00 9.511507283939845995e-25
6.704528663963905011e+00 9.570528421500786456e-25
6.750436971067009573e+00 9.632110167414535558e-25
6.796659628777996787e+00 9.696125630513195137e-25
6.843198789567972007e+00 9.762445287705798681e-25
6.890056620646778818e+00 9.830936609596384711e-25
6.937235304063940511e+00 9.901463703950759839e-25
6.984737036810233057e+00 9.973886977585497266e-25
7.032564030920022802e+00 1.004806281741275264e-24
7.080718513574259632e+00 1.012384329151684814e-24
7.129202727204218881e+00 1.020107587128626910e-24
7.178018929595884501e+00 1.027960317575265176e-24
7.227169393995117375e+00 1.035926273941554391e-24
7.276656409213503984e+00 1.043988680494563282e-24
7.326482279734936931e+00 1.052130214226296602e-24
7.376649325822957515e+00 1.060332989558065663e-24
7.427159883628758230e+00 1.068578546008629281e-24
7.478016305299998834e+00 1.076847839000004465e-24
