# columns=frequency_hz equivalent_omega_gw
# conversion=2_pi_squared_f_squared_hc_squared_over_3_H0_squared
# source_file=ET.csv
1.635280405899999900e+00 7.486878138136197974e-07
1.647153258465937853e+00 7.086669776895582444e-07
1.659112313145925333e+00 6.563209133024925318e-07
1.671158195805096724e+00 5.965274810447858907e-07
1.683291536852641990e+00 5.336940790254680405e-07
1.695512971274797165e+00 4.714217116059156831e-07
1.707823138668078000e+00 4.123724028767512147e-07
1.720222683272750075e+00 3.490484555582913527e-07
1.732712254006546493e+00 2.771506068699320510e-07
1.745292504498627384e+00 2.129884745888250383e-07
1.757964093123786986e+00 1.636827042438133605e-07
1.770727683036908973e+00 1.299727062966456694e-07
1.783583942207672690e+00 1.101794188645453710e-07
1.796533543455509641e+00 1.008359936694309615e-07
1.809577164484815537e+00 9.389017002400487096e-08
1.822715487920417043e+00 8.828789611162970064e-08
1.835949201343296755e+00 8.373332367838719836e-08
1.849278997326575524e+00 7.999286179493140048e-08
1.862705573471759690e+00 7.687754405565294536e-08
1.876229632445247653e+00 7.423056245635518407e-08
1.889851882015104234e+00 7.191849768347165156e-08
1.903573035088100607e+00 6.982528041962885857e-08
1.917393809747023559e+00 6.784824488175637288e-08
1.931314929288255433e+00 6.589584258164704865e-08
1.945337122259628293e+00 6.388670697911905380e-08
1.959461122498549202e+00 6.176669429290439173e-08
1.973687669170407943e+00 5.978212215101437221e-08
1.988017506807258306e+00 5.799872222492006288e-08
2.002451385346783574e+00 5.637486450229916345e-08
2.016990060171542698e+00 5.487347219518316787e-08
2.031634292148503995e+00 5.346124587209225165e-08
2.046384847668862861e+00 5.210810388855196343e-08
2.061242498688150793e+00 5.078680407715601988e-08
2.076208022766634631e+00 4.947271850510166650e-08
2.091282203110010673e+00 4.814373737311541564e-08
2.106465828610390556e+00 4.678028035408621784e-08
2.121759693887589115e+00 4.536539430221915472e-08
2.137164599330709791e+00 4.388491571452392190e-08
2.152681351140030230e+00 4.239706969868412418e-08
2.168310761369196982e+00 4.097629848089473510e-08
2.184053647967721723e+00 3.959812430561941496e-08
2.199910834823787908e+00 3.824057622107710994e-08
2.215883151807367835e+00 3.688460021657905266e-08
2.231971434813654120e+00 3.551399178482470026e-08
2.248176525806806048e+00 3.411540821319718278e-08
2.264499272864009427e+00 3.267843460712559131e-08
2.280940530219863760e+00 3.119567756660459449e-08
2.297501158311086034e+00 2.966286016746618325e-08
2.314182023821540479e+00 2.807889195797197695e-08
2.330983999727595624e+00 2.644588855561798316e-08
2.347907965343813519e+00 2.466814680488254614e-08
2.364954806368962714e+00 2.243748607377358565e-08
2.382125414932373619e+00 2.006357368143664261e-08
2.399420689640627380e+00 1.783473610992057641e-08
2.416841535624583148e+00 1.593592455024102339e-08
2.434388864586745527e+00 1.447331124517361859e-08
2.452063594848979733e+00 1.348129482462408464e-08
2.469866651400570046e+00 1.268849019757493304e-08
2.487798965946629082e+00 1.199964077616346507e-08
2.505861476956855682e+00 1.139763773249581605e-08
2.524055129714652068e+00 1.086821229398614047e-08
2.542380876366589604e+00 1.039935466983110171e-08
2.560839675972243157e+00 9.980861582222855382e-09
2.579432494554380728e+00 9.603983246326497477e-09
2.598160305149517679e+00 9.261148031872369357e-09
2.617024087858841330e+00 8.945748461693784047e-09
2.636024829899504152e+00 8.651976189070708412e-09
2.655163525656286883e+00 8.374696522018019030e-09
2.674441176733640013e+00 8.109357240470558973e-09
2.693858792008101855e+00 7.860793654950609408e-09
2.713417387681096304e+00 7.634026638839497320e-09
2.733117987332113863e+00 7.426208332393296086e-09
2.752961621972283002e+00 7.234785178011191071e-09
2.772949330098323450e+00 7.057454340412934520e-09
2.793082157746896943e+00 6.892127621166478940e-09
2.813361158549349206e+00 6.736901727352561118e-09
2.833787393786852071e+00 6.590033968485245711e-09
2.854361932445943939e+00 6.449922625355073486e-09
2.875085851274473026e+00 6.315091367620770952e-09
2.895960234837950509e+00 6.184177200338504203e-09
2.916986175576307794e+00 6.055921498337537754e-09
2.938164773861068557e+00 5.929163745607751786e-09
2.959497138052936460e+00 5.802837638015778610e-09
2.980984384559800304e+00 5.675969234597631431e-09
3.002627637895159296e+00 5.547676857848054572e-09
3.024428030736971529e+00 5.417172449157715250e-09
3.046386703986938116e+00 5.283764083957900350e-09
3.068504806830202103e+00 5.148752705252152758e-09
3.090783496795495910e+00 5.023118704041020813e-09
3.113223939815719543e+00 4.905904293137269900e-09
3.135827310288954894e+00 4.793983990754152779e-09
3.158594791139929914e+00 4.684504070492464293e-09
3.181527573881922866e+00 4.574860449419677170e-09
3.204626858679124002e+00 4.462692120374103140e-09
3.227893854409438656e+00 4.345887718085896566e-09
3.251329778727755748e+00 4.222602817569125898e-09
3.274935858129675026e+00 4.091285404548395726e-09
3.298713328015689950e+00 3.950706686821968197e-09
3.322663432755842194e+00 3.799994093023991215e-09
3.346787425754848222e+00 3.638265362599191012e-09
3.371086569517690368e+00 3.435414224399328252e-09
3.395562135715688878e+00 3.196003230290211605e-09
3.420215405253059782e+00 2.948892498693349635e-09
3.445047668333941271e+00 2.716530413087982162e-09
3.470060224529920578e+00 2.515094866651759646e-09
3.495254382848043129e+00 2.355909520133964709e-09
3.520631461799321738e+00 2.233132981564490698e-09
3.546192789467735196e+00 2.128244660068926232e-09
3.571939703579734005e+00 2.037144485106507239e-09
3.597873551574251039e+00 1.956454131505630216e-09
3.623995690673214032e+00 1.883299149070123713e-09
3.650307487952577645e+00 1.815202144179900507e-09
3.676810320413869348e+00 1.750011778374601374e-09
3.703505575056248222e+00 1.685859904410205229e-09
3.730394648949096670e+00 1.621140927579366216e-09
3.757478949305132154e+00 1.554508428577547832e-09
3.784759893554055843e+00 1.484884448215435291e-09
3.812238909416727939e+00 1.411476809518018635e-09
3.839917434979886579e+00 1.330515836869865999e-09
3.867796918771413406e+00 1.233615209867600736e-09
3.895878819836135598e+00 1.133084285933768977e-09
3.924164607812183903e+00 1.040174724690875568e-09
3.952655763007909329e+00 9.628324084034165718e-10
3.981353776479348294e+00 9.066385294150919560e-10
4.010260150108256205e+00 8.744237311035706433e-10
4.039376396680713022e+00 8.520879121309666642e-10
4.068704039966284824e+00 8.346220414056307524e-10
4.098244614797773799e+00 8.210162916638442720e-10
4.127999667151539320e+00 8.103706132984558904e-10
4.157970754228411003e+00 8.018609776335554664e-10
4.188159444535176412e+00 7.947150999184308008e-10
4.218567317966668284e+00 7.881962136808216863e-10
4.249195965888451276e+00 7.815940072293263433e-10
4.280046991220102015e+00 7.742221605288550773e-10
4.311122008519091331e+00 7.654220676924696123e-10
4.342422644065290882e+00 7.545723161840577458e-10
4.373950535946073970e+00 7.411043314456887957e-10
4.405707334142046072e+00 7.257270356216164708e-10
4.437694700613394438e+00 7.094655670947564476e-10
4.469914309386869178e+00 6.924611945480098539e-10
4.502367846643386073e+00 6.748506726868030751e-10
4.535057010806270661e+00 6.567651268715545499e-10
4.567983512630154230e+00 6.383291345190627994e-10
4.601149075290488000e+00 6.196599975179286721e-10
4.634555434473736746e+00 6.008671965520411851e-10
4.668204338468211034e+00 5.820520155606782727e-10
4.702097548255557591e+00 5.633073225541780618e-10
4.736236837602921135e+00 5.447174916166974615e-10
4.770623993155779452e+00 5.263584501017386164e-10
4.805260814531433056e+00 5.078786692897314179e-10
4.840149114413196507e+00 4.882358155048735448e-10
4.875290718645256760e+00 4.678689554831078639e-10
4.910687466328235828e+00 4.472696013536704989e-10
4.946341209915425807e+00 4.268651692099950413e-10
4.982253815309744205e+00 4.070182339248444977e-10
5.018427161961383831e+00 3.880292342650430022e-10
5.054863142966167011e+00 3.701417623092927541e-10
5.091563665164620112e+00 3.535496535474177475e-10
5.128530649241773709e+00 3.384052212257379236e-10
5.165766029827667971e+00 3.248281294645962825e-10
5.203271755598605885e+00 3.129145588602113460e-10
5.241049789379137458e+00 3.027290420406674566e-10
5.279102108244776659e+00 2.939952052532220710e-10
5.317430703625472432e+00 2.864173592681483915e-10
5.356037581409830217e+00 2.797880842356999745e-10
5.394924762050084865e+00 2.739225237960712917e-10
5.434094280667838284e+00 2.686536761447147054e-10
5.473548187160570677e+00 2.638288024924411705e-10
5.513288546308913851e+00 2.593067738963208392e-10
5.553317437884713215e+00 2.549562231444308160e-10
5.593636956759867829e+00 2.506544001983473792e-10
5.634249213015968927e+00 2.462866502563408954e-10
5.675156332054721808e+00 2.417464447014898539e-10
5.716360454709177752e+00 2.369358985207352261e-10
5.757863737355782163e+00 2.317667045099295784e-10
5.799668352027209650e+00 2.261614059958962744e-10
5.841776486526049084e+00 2.200549173266058221e-10
5.884190344539296014e+00 2.133961866554313085e-10
5.926912145753676420e+00 2.061498805049967775e-10
5.969944125971814231e+00 1.982979564323709371e-10
6.013288537229247055e+00 1.884984793694354595e-10
6.056947647912270583e+00 1.751506467291958559e-10
6.100923742876662281e+00 1.606920991401362797e-10
6.145219123567252417e+00 1.471450928499213466e-10
6.189836108138373483e+00 1.359424583152571252e-10
6.234777031575171158e+00 1.280890862573113538e-10
6.280044245815804338e+00 1.236501238578719415e-10
6.325640119874543110e+00 1.198107227448531496e-10
6.371567039965729151e+00 1.162224322887709316e-10
6.417827409628672264e+00 1.128902974548262623e-10
6.464423649853430653e+00 1.098183477696918806e-10
6.511358199207510467e+00 1.070099274660253407e-10
6.558633513963485484e+00 1.044680181101509330e-10
6.606252068227547625e+00 1.021955555431773447e-10
6.654216354068984707e+00 1.001957440648490076e-10
6.702528881650597015e+00 9.847237188153973219e-11
6.751192179360067769e+00 9.703013296565201570e-11
6.800208793942287500e+00 9.587496168345641907e-11
6.849581290632625219e+00 9.501438790182276337e-11
6.899312253291184582e+00 9.445792185434157712e-11
6.949404284538029053e+00 9.421747992306789075e-11
6.999860005889382286e+00 9.430786478367309971e-11
7.050682057894822385e+00 9.474731620731079436e-11
7.101873100275482464e+00 9.555815238720013983e-11
7.153435812063229982e+00 9.676708552121110167e-11
7.205372891740879915e+00 9.817732941472294261e-11
7.257687057383413354e+00 9.960812562546612141e-11
7.310381046800235261e+00 1.010597736744991265e-10
7.363457617678437650e+00 1.025325774479776018e-10
7.416919547727131246e+00 1.040268452607695762e-10
7.470769634822819860e+00 1.055428899209980275e-10
7.525010697155809503e+00 1.070810287955232528e-10
7.579645573377702839e+00 1.086415838763802315e-10
7.634677122749964795e+00 1.102248818481842681e-10
7.690108225293545097e+00 1.118312541565183303e-10
7.745941781939607473e+00 1.134610370773176439e-10
7.802180714681355767e+00 1.151145717872654508e-10
7.858827966726935621e+00 1.167922044352140715e-10
7.915886502653480150e+00 1.184942862146476838e-10
7.973359308562247172e+00 1.202211734372004172e-10
8.031249392234904860e+00 1.219732276072464724e-10
8.089559783290930284e+00 1.237508154975766660e-10
8.148293533346164352e+00 1.255543092261783163e-10
8.207453716172521396e+00 1.272738125629770768e-10
8.267043427858846272e+00 1.283053205563864764e-10
8.327065786972939421e+00 1.286642380098260287e-10
8.387523934724782748e+00 1.284898860995747735e-10
8.448421035130909473e+00 1.279287843330214028e-10
8.509760275180003219e+00 1.271294506114288872e-10
8.571544864999680158e+00 1.262388319086834927e-10
8.633778038024495061e+00 1.254004213794014375e-10
8.696463051165149949e+00 1.247540309658066180e-10
8.759603184978947965e+00 1.244371548279244650e-10
8.823201743841480038e+00 1.245878765758759771e-10
8.887262056119546116e+00 1.253493402189646270e-10
8.951787474345350049e+00 1.268689250405558030e-10
9.016781375391952125e+00 1.288580898789072246e-10
9.082247160649988160e+00 1.310857833070264747e-10
9.148188256205679991e+00 1.335444000547900062e-10
9.214608113020144486e+00 1.362262059998492188e-10
9.281510207109977983e+00 1.391230986712620803e-10
9.348898039729190756e+00 1.422263720610741655e-10
9.416775137552422237e+00 1.455264851119109911e-10
9.485145052859525805e+00 1.490128339656863045e-10
9.554011363721459205e+00 1.526735287760893582e-10
9.623377674187539199e+00 1.564951766098977234e-10
9.693247614474071128e+00 1.604626726894092084e-10
9.763624841154312506e+00 1.645590029555858533e-10
9.834513037349845277e+00 1.687650616492656058e-10
9.905915912923338951e+00 1.730594883018086950e-10
9.977837204672683313e+00 1.774185291773348478e-10
1.005028067652655999e+01 1.818159287917495722e-10
1.012325011974141908e+01 1.862228576207145924e-10
1.019674935309990182e+01 1.906078824657820492e-10
1.027078222311069133e+01 1.949369861396814465e-10
1.034535260420978631e+01 1.991736431190567114e-10
1.042046439896331123e+01 2.032789575575523616e-10
1.049612153827172811e+01 2.072118695161019085e-10
1.057232798157554576e+01 2.109294344173862754e-10
1.064908771706256019e+01 2.143871795402593710e-10
1.072640476187656233e+01 2.175144771772646241e-10
1.080428316232754860e+01 2.200882664399949261e-10
1.088272699410351763e+01 2.221086316086117978e-10
1.096174036248374861e+01 2.236346487174074660e-10
1.104132740255363032e+01 2.247310797709235598e-10
1.112149227942110485e+01 2.254669346530204992e-10
1.120223918843461774e+01 2.259142058054221072e-10
1.128357235540267212e+01 2.261468085027873710e-10
1.136549603681500820e+01 2.262397492286668064e-10
1.144801452006534426e+01 2.262685360483457785e-10
1.153113212367574292e+01 2.263088383091040886e-10
1.161485319752264722e+01 2.264363986682963522e-10
1.169918212306450833e+01 2.267271984484435613e-10
1.178412331357106879e+01 2.272578776826818608e-10
1.186968121435436885e+01 2.281064139635943715e-10
1.195586030300133729e+01 2.293530693940806531e-10
1.204266508960816928e+01 2.310816226832260710e-10
1.213010011701632784e+01 2.333809139776494996e-10
1.221816996105028430e+01 2.363467437878135916e-10
1.230687923075701562e+01 2.397859605030166996e-10
1.239623256864720524e+01 2.432805029368191679e-10
1.248623465093817408e+01 2.468259734015871247e-10
1.257689018779865542e+01 2.504231141015971411e-10
1.266820392359526970e+01 2.540726780577070044e-10
1.276018063714079709e+01 2.577754292649915277e-10
1.285282514194431691e+01 2.615321428526778696e-10
1.294614228646309151e+01 2.653436052464090573e-10
1.304013695435629039e+01 2.692106143328729873e-10
1.313481406474060975e+01 2.731339796268321634e-10
1.323017857244768436e+01 2.771145224405858105e-10
1.332623546828338412e+01 2.811530760559017430e-10
1.342298977928903625e+01 2.852504858984559348e-10
1.352044656900448949e+01 2.894076097148121023e-10
1.361861093773309328e+01 2.936253177519803850e-10
1.371748802280865220e+01 2.979044929395955000e-10
1.381708299886427049e+01 3.022460310747471482e-10
1.391740107810313631e+01 3.066508410095045473e-10
1.401844751057133998e+01 3.111198448411756760e-10
1.412022758443258397e+01 3.156539781053363320e-10
1.422274662624498021e+01 3.202541899716757923e-10
1.432601000123978174e+01 3.249214434426936612e-10
1.443002311360215728e+01 3.296567155552929360e-10
1.453479140675404579e+01 3.344609975853134423e-10
1.464032036363901845e+01 3.393352952550432729e-10
1.474661550700919399e+01 3.442806289437546074e-10
1.485368239971431947e+01 3.492980339013101806e-10
1.496152664499286722e+01 3.543885604648807770e-10
1.507015388676525447e+01 3.595532742788199193e-10
1.517956980992925864e+01 3.647932565177470346e-10
1.528978014065750379e+01 3.701096041128774602e-10
1.540079064669711961e+01 3.750930719289877949e-10
1.551260713767162791e+01 3.793130833761661311e-10
1.562523546538496255e+01 3.827963356333287904e-10
1.573868152412769739e+01 3.855761665095025686e-10
1.585295125098556390e+01 3.876915562148502647e-10
1.596805062615013782e+01 3.891863024558599853e-10
1.608398567323178341e+01 3.901082059092876218e-10
1.620076245957493910e+01 3.905082837730036960e-10
1.631838709657562347e+01 3.904400264932692543e-10
1.643686574000125233e+01 3.899587101103059904e-10
1.655620459031282365e+01 3.891207740524765356e-10
1.667640989298940823e+01 3.879832717318076916e-10
1.679748793885496383e+01 3.866033990208313472e-10
1.691944506440761842e+01 3.850381036758069153e-10
1.704228765215124497e+01 3.833437770516865813e-10
1.716602213092947693e+01 3.815760280519010309e-10
1.729065497626218928e+01 3.797895381826540608e-10
1.741619271068437058e+01 3.780379958368113020e-10
1.754264190408744639e+01 3.763741075109742159e-10
1.767000917406316418e+01 3.748496835499751812e-10
1.779830118624988700e+01 3.735157962027414992e-10
1.792752465468140599e+01 3.724230082493794673e-10
1.805768634213836421e+01 3.716216712121305653e-10
1.818879306050216371e+01 3.711622931857948854e-10
1.832085167111141644e+01 3.710673109213968487e-10
1.845386908512109514e+01 3.707921604583469550e-10
1.858785226386418543e+01 3.701522579599121463e-10
1.872280821921597038e+01 3.692015936910947297e-10
1.885874401396106137e+01 3.679944993612382325e-10
1.899566676216294425e+01 3.665852397542702983e-10
1.913358362953634995e+01 3.650276821200623431e-10
1.927250183382224691e+01 3.633750438755491760e-10
1.941242864516552658e+01 3.616797179929845687e-10
1.955337138649555939e+01 3.599931745953608153e-10
1.969533743390938696e+01 3.583659367321312066e-10
1.983833421705771727e+01 3.568476280629680012e-10
1.998236921953381540e+01 3.554870902225847826e-10
2.012744997926511203e+01 3.543325679622833965e-10
2.027358408890765773e+01 3.534319607537794824e-10
2.042077919624355431e+01 3.528331403893131640e-10
2.056904300458115031e+01 3.525843352183270982e-10
2.071838327315815675e+01 3.527345830295091471e-10
2.086880781754778269e+01 3.533342562332427385e-10
2.102032451006773428e+01 3.544356649501325294e-10
2.117294128019214838e+01 3.560937459071400702e-10
2.132666611496665965e+01 3.583668477421517913e-10
2.148150705942635952e+01 3.613176264994091175e-10
2.163747221701677503e+01 3.650140688673411723e-10
2.179456975001804864e+01 3.695306652013309323e-10
2.195280787997204541e+01 3.748231060224946864e-10
2.211219488811259382e+01 3.802856245386640927e-10
2.227273911579895582e+01 3.858277515636476430e-10
2.243444896495227781e+01 3.914506472792652170e-10
2.259733289849536675e+01 3.971554887753525592e-10
2.276139944079555733e+01 4.029434702961704736e-10
2.292665717811079773e+01 4.088158034904058949e-10
2.309311475903906086e+01 4.147737176648189650e-10
2.326078089497093870e+01 4.208184600415832129e-10
2.342966436054550172e+01 4.269512960193765845e-10
2.359977399410957588e+01 4.331735094382802436e-10
2.377111869818026335e+01 4.394864028485353429e-10
2.394370743991080985e+01 4.458912977832160309e-10
2.411754925155995366e+01 4.523895350348794382e-10
2.429265323096459639e+01 4.589824749362448104e-10
2.446902854201588440e+01 4.656714976449620659e-10
2.464668441513887132e+01 4.724580034325354890e-10
2.482563014777553434e+01 4.793434129774526543e-10
2.500587510487132548e+01 4.863291676625865661e-10
2.518742871936534300e+01 4.934167298769358424e-10
2.537030049268395260e+01 5.006075833217575397e-10
2.555449999523800386e+01 5.079032333211622018e-10
2.574003686692377002e+01 5.153052071372389647e-10
2.592692081762738709e+01 5.228150542897698586e-10
2.611516162773298433e+01 5.304343468806019645e-10
2.630476914863462667e+01 5.383537416837752714e-10
2.649575330325175315e+01 5.469423957654581465e-10
2.668812408654859425e+01 5.562054462887090970e-10
2.688189156605720598e+01 5.661384523825217974e-10
2.707706588240429113e+01 5.767369940508695657e-10
2.727365724984199602e+01 5.879964144935744805e-10
2.747167595678240914e+01 5.999115594874033816e-10
2.767113236633596429e+01 6.124765128153674303e-10
2.787203691685385110e+01 6.256843270256485716e-10
2.807440012247428029e+01 6.395267491026335893e-10
2.827823257367266052e+01 6.539939409459186749e-10
2.848354493781593888e+01 6.690741948811069729e-10
2.869034795972082463e+01 6.847536447708212793e-10
2.889865246221606654e+01 7.010159736564020357e-10
2.910846934670892594e+01 7.178421192419121381e-10
2.931980959375567508e+01 7.352099789295345072e-10
2.953268426363618460e+01 7.530941165302426299e-10
2.974710449693284531e+01 7.714654732011501012e-10
2.996308151511356854e+01 7.902910855979204149e-10
3.018062662111899641e+01 8.095338146729184461e-10
3.039975119995411390e+01 8.291520889891159946e-10
3.062046671928403896e+01 8.490996668505696564e-10
3.084278473003410781e+01 8.693254219615555323e-10
3.106671686699450419e+01 8.897731577089101225e-10
3.129227484942906656e+01 9.103881924395155809e-10
3.151947048168859311e+01 9.320156616608669544e-10
3.174831565382870480e+01 9.552158180917538085e-10
3.197882234223197173e+01 9.798935740519125858e-10
3.221100261023480016e+01 1.005941742077686247e-09
3.244486860875869638e+01 1.033238721675264624e-09
3.268043257694615988e+01 1.061646293759078418e-09
3.291770684280125892e+01 1.091007561902311537e-09
3.315670382383477488e+01 1.121145089734780095e-09
3.339743602771401498e+01 1.151859293548616545e-09
3.363991605291749210e+01 1.182927158056924754e-09
3.388415658939418051e+01 1.214101350845983867e-09
3.413017041922761052e+01 1.245109816833868266e-09
3.437797041730487990e+01 1.275655937395196697e-09
3.462756955199041187e+01 1.305419339082661232e-09
3.487898088580460865e+01 1.334057433406203587e-09
3.513221757610751439e+01 1.361207761276542392e-09
3.538729287578740212e+01 1.386491202913641351e-09
3.564422013395426347e+01 1.409516095821408944e-09
3.590301279663852796e+01 1.429485454216232216e-09
3.616368440749469926e+01 1.444312866937086174e-09
3.642624860851010737e+01 1.454026800063806858e-09
3.669071914071892593e+01 1.459010499372096569e-09
3.695710984492128404e+01 1.459703270853552499e-09
3.722543466240750121e+01 1.456586185462718523e-09
3.749570763568788578e+01 1.450168666478840237e-09
3.776794290922741482e+01 1.440976359777782519e-09
3.804215473018616933e+01 1.429540574769215353e-09
3.831835744916483577e+01 1.416389478924846838e-09
3.859656552095569992e+01 1.402041136663656915e-09
3.887679350529925415e+01 1.386998407079099130e-09
3.915905606764605551e+01 1.371745656248107312e-09
3.944336797992421850e+01 1.356747199040158467e-09
3.972974412131259925e+01 1.342447361884071843e-09
4.001819947901940111e+01 1.329272050686980875e-09
4.030874914906646467e+01 1.317631715565404023e-09
4.060140833707944097e+01 1.307925624785526235e-09
4.089619235908348571e+01 1.300547281011718303e-09
4.119311664230474435e+01 1.294729906887408222e-09
4.149219672597784125e+01 1.289420648908231896e-09
4.179344826215908171e+01 1.284520546969702817e-09
4.209688701654546605e+01 1.279932514193557715e-09
4.240252886929994247e+01 1.275561070452897823e-09
4.271038981588242223e+01 1.271312148289820100e-09
4.302048596788676349e+01 1.267092969087002305e-09
4.333283355388415714e+01 1.262811987682353949e-09
4.364744892027232481e+01 1.258378903797889160e-09
4.396434853213092708e+01 1.253704738699912936e-09
4.428354897408341628e+01 1.248701975417996127e-09
4.460506695116478681e+01 1.243284760634873093e-09
4.492891928969597615e+01 1.237369166018469377e-09
4.525512293816440490e+01 1.230873506310733763e-09
4.558369496811084787e+01 1.223718710923264291e-09
4.591465257502303388e+01 1.215828745125021961e-09
4.624801307923546290e+01 1.207131076158531877e-09
4.658379392683579567e+01 1.197557178797839596e-09
4.692201269057799351e+01 1.186741026430291123e-09
4.726268707080193110e+01 1.172878617321938083e-09
4.760583489635961740e+01 1.156348388386222848e-09
4.795147412554842958e+01 1.137939198430249689e-09
4.829962284705084841e+01 1.118408226614705484e-09
4.865029928088105748e+01 1.098471501546845214e-09
4.900352177933859110e+01 1.078799137952638785e-09
4.935930882796871799e+01 1.060014855867290765e-09
4.971767904652980974e+01 1.042699311353479607e-09
5.007865118996791409e+01 1.027396790221236857e-09
5.044224414939819923e+01 1.014624896457816852e-09
5.080847695309355316e+01 1.004886996057307826e-09
5.117736876748053021e+01 9.986704102453341101e-10
5.154893889814233887e+01 9.946422554727171820e-10
5.192320679082911283e+01 9.916417155364009731e-10
5.230019203247577053e+01 9.895790461374672217e-10
5.267991435222683094e+01 9.883679965217282236e-10
5.306239362246915903e+01 9.879250552572346779e-10
5.344764985987184502e+01 9.881687782207159473e-10
5.383570322643368655e+01 9.890191924386947848e-10
5.422657403053852221e+01 9.903972709335141123e-10
5.462028272801796192e+01 9.922244750314238593e-10
5.501684992322181245e+01 9.944223617188831042e-10
5.541629637009661025e+01 9.969122546023095927e-10
5.581864297327161495e+01 9.996149778424783325e-10
5.622391078915278229e+01 1.002602065057262227e-09
5.663212102702488693e+01 1.006175818264861822e-09
5.704329505016142576e+01 1.010291297954333576e-09
5.745745437694250768e+01 1.014886305907060388e-09
5.787462068198123433e+01 1.019898150126006277e-09
5.829481579725786844e+01 1.025263353928766767e-09
5.871806171326235102e+01 1.030917405019931861e-09
5.914438058014530952e+01 1.036794545122271538e-09
5.957379470887715911e+01 1.042827601168529789e-09
6.000632657241566648e+01 1.048947859405803453e-09
6.044199880688220361e+01 1.055084984036625358e-09
6.088083421274630780e+01 1.061166982214542366e-09
6.132285575601882499e+01 1.067120217322029733e-09
6.176808656945403442e+01 1.072869472476941632e-09
6.221654995376002972e+01 1.078338066141284856e-09
6.266826937881835136e+01 1.083448021531019999e-09
6.312326848491215969e+01 1.088120291248286900e-09
6.358157108396335389e+01 1.092275038171890425e-09
6.404320116077890646e+01 1.095808313401485671e-09
6.450818287430600151e+01 1.097962618145673330e-09
6.497654055889627500e+01 1.098537940871625790e-09
6.544829872557953365e+01 1.097718854720253490e-09
6.592348206334639826e+01 1.095695189385577818e-09
6.640211544044025516e+01 1.092659803116851462e-09
6.688422390565898468e+01 1.088806665622451776e-09
6.736983268966569938e+01 1.084329268428068949e-09
6.785896720630908874e+01 1.079419370828301305e-09
6.835165305395359781e+01 1.074266082697161937e-09
6.884791601681905604e+01 1.069055280159671183e-09
6.934778206632991271e+01 1.063969346488730380e-09
6.985127736247464725e+01 1.059187228554868740e-09
7.035842825517472932e+01 1.054884798663159767e-09
7.086926128566348382e+01 1.051235512601113108e-09
7.138380318787535828e+01 1.048411357123794949e-09
7.190208088984486778e+01 1.046584083876300592e-09
7.242412151511574336e+01 1.045926731874504838e-09
7.294995238416069583e+01 1.046615447158896448e-09
7.347960101581088566e+01 1.048831616174914153e-09
7.401309512869637786e+01 1.052764338964535609e-09
7.455046264269661549e+01 1.058613279601606923e-09
7.509173168040152291e+01 1.066591944798407207e-09
7.563693056858343766e+01 1.076931457710051817e-09
7.618608783967950160e+01 1.089884913274917768e-09
7.673923223328473853e+01 1.105791146355672093e-09
7.729639269765635845e+01 1.125139146114690107e-09
7.785759839122856363e+01 1.147811443156065228e-09
7.842287868413849594e+01 1.173601809272538242e-09
7.899226315976349611e+01 1.202296581480123632e-09
7.956578161626913470e+01 1.233666559017976057e-09
8.014346406816864032e+01 1.267459315204192464e-09
8.072534074789390957e+01 1.303391949555199740e-09
8.131144210737751621e+01 1.341144364375776721e-09
8.190179881964628805e+01 1.380353206632762302e-09
8.249644178042680664e+01 1.420606669570240145e-09
8.309540210976217622e+01 1.461440397540319093e-09
8.369871115364050240e+01 1.502334779389766027e-09
8.430640048563567746e+01 1.542713947142251207e-09
8.491850190855954850e+01 1.581946813678179939e-09
8.553504745612619331e+01 1.619350481234274723e-09
8.615606939462867331e+01 1.654196327296454595e-09
8.678160022462729728e+01 1.685719021624135657e-09
8.741167268265083123e+01 1.713128644346483806e-09
8.804631974290958851e+01 1.737286925018585256e-09
8.868557461902096861e+01 1.759986136661103665e-09
8.932947076574791367e+01 1.781273065946320570e-09
8.997804188074962894e+01 1.801197525489132143e-09
9.063132190634496510e+01 1.819817329484910833e-09
9.128934503128900246e+01 1.837197700157528188e-09
9.195214569256216919e+01 1.853410673541245815e-09
9.261975857717234817e+01 1.868534513908169889e-09
9.329221862397044163e+01 1.882653145454632689e-09
9.396956102547868284e+01 1.895855609126600043e-09
9.465182122973237711e+01 1.908235551713129768e-09
9.533903494213517149e+01 1.919890753595976951e-09
9.603123812732765430e+01 1.930922700822704138e-09
9.672846701106927014e+01 1.941436206494453790e-09
9.743075808213455957e+01 1.951539085838267751e-09
9.813814809422251528e+01 1.961341888780551848e-09
9.885067406787996447e+01 1.970957693368199045e-09
9.956837329243928991e+01 1.980501962998415962e-09
1.002912833279697651e+02 1.990092470135994430e-09
1.010194420072430717e+02 1.999849289014756150e-09
1.017528874377136674e+02 2.009894859752726467e-09
1.024916580035124554e+02 2.020354126356449676e-09
1.032357923674562841e+02 2.031354751264779717e-09
1.039853294730708768e+02 2.043027409378874180e-09
1.047403085466290520e+02 2.055471214603760087e-09
1.055007690992035378e+02 2.067841504884408282e-09
1.062667509287348793e+02 2.079755358509225602e-09
1.070382941221138111e+02 2.091251963393292812e-09
1.078154390572797752e+02 2.102371827925998608e-09
1.085982264053336479e+02 2.113156697720574734e-09
1.093866971326663133e+02 2.123649480055832998e-09
1.101808925031026405e+02 2.133894176554265803e-09
1.109808540800610501e+02 2.143935824600195335e-09
1.117866237287282445e+02 2.153820447961681027e-09
1.125982436182509048e+02 2.163595017048227490e-09
1.134157562239420685e+02 2.173307419209291331e-09
1.142392043295041759e+02 2.183006439455833190e-09
1.150686310292680901e+02 2.192741751973669649e-09
1.159040797304485153e+02 2.202563922786458376e-09
1.167455941554152474e+02 2.212524423926645775e-09
1.175932183439819596e+02 2.222675659476708301e-09
1.184469966557105778e+02 2.233071003855383299e-09
1.193069737722329222e+02 2.243764852747761656e-09
1.201731946995891036e+02 2.254736062945877852e-09
1.210457047705825175e+02 2.265777021597830842e-09
1.219245496471528867e+02 2.276872045454367133e-09
1.228097753227655602e+02 2.288021399261262114e-09
1.237014281248185625e+02 2.299225349060803723e-09
1.245995547170671784e+02 2.310484162197890428e-09
1.255042021020661025e+02 2.321798107326699543e-09
1.264154176236288265e+02 2.333167454416869984e-09
1.273332489693060410e+02 2.344592474760036176e-09
1.282577441728808481e+02 2.356073440976327205e-09
1.291889516168826333e+02 2.367610627020756378e-09
1.301269200351192126e+02 2.379204308189955301e-09
1.310716985152272969e+02 2.390854761128476578e-09
1.320233365012409763e+02 2.402562263835721866e-09
1.329818837961801137e+02 2.414327095672220588e-09
1.339473905646561604e+02 2.426149537366620848e-09
1.349199073354976406e+02 2.438029871022124073e-09
1.358994850043945632e+02 2.449968380123453593e-09
1.368861748365620485e+02 2.461940885921063950e-09
1.378800284694227400e+02 2.472464028634366502e-09
1.388810979153100789e+02 2.480939300982247303e-09
1.398894355641896539e+02 2.487761449066570671e-09
1.409050941864011577e+02 2.493333703947057370e-09
1.419281269354202379e+02 2.498065392726373833e-09
1.429585873506396752e+02 2.502370207352465987e-09
1.439965293601721044e+02 2.506665150580464580e-09
1.450420072836717793e+02 2.511370172076221596e-09
1.460950758351774255e+02 2.516908504341019127e-09
1.471557901259756989e+02 2.523707708077908223e-09
1.482242056674855064e+02 2.532201439872068047e-09
1.493003783741625057e+02 2.542831961702847700e-09
1.503843645664262851e+02 2.556053421971295904e-09
1.514762209736072407e+02 2.572335951626414290e-09
1.525760047369155359e+02 2.592170636916016020e-09
1.536837734124316057e+02 2.616075452762719268e-09
1.547995849741183463e+02 2.644602268420985962e-09
1.559234978168546490e+02 2.678345070850912548e-09
1.570555707594922410e+02 2.720210812571652151e-09
1.581958630479333578e+02 2.779056608647326962e-09
1.593444343582314389e+02 2.853902654049604815e-09
1.605013447997142748e+02 2.942642595189099862e-09
1.616666549181298649e+02 3.043001365962467364e-09
1.628404256988143288e+02 3.152410129553472845e-09
1.640227185698846313e+02 3.267900966603769529e-09
1.652135954054526223e+02 3.386026348449595334e-09
1.664131185288632651e+02 3.502811140073814636e-09
1.676213507159563960e+02 3.613746818108138425e-09
1.688383551983519340e+02 3.713838396283944839e-09
1.700641956667592183e+02 3.797713774460612556e-09
1.712989362743095967e+02 3.860569310591357691e-09
1.725426416399147627e+02 3.916831667429076544e-09
1.737953768516478306e+02 3.973913968824779097e-09
1.750572074701499616e+02 4.031828164314815401e-09
1.763281995320611770e+02 4.090586377583185086e-09
1.776084195534766934e+02 4.150200908999505321e-09
1.788979345334272182e+02 4.210684238193922320e-09
1.801968119573862737e+02 4.272049026669624824e-09
1.815051198008013955e+02 4.334308120453359907e-09
1.828229265326515929e+02 4.397474552784611216e-09
1.841503011190309280e+02 4.461561546843967362e-09
1.854873130267569081e+02 4.526582518521207398e-09
1.868340322270071852e+02 4.592551079223828803e-09
1.881905291989806415e+02 4.659481038726399320e-09
1.895568749335860446e+02 4.727386408061487016e-09
1.909331409371573045e+02 4.796281402452717010e-09
1.923193992351957604e+02 4.866180444290569436e-09
1.937157223761389560e+02 4.937098166151511757e-09
1.951221834351584903e+02 5.009049413861223931e-09
1.965388560179834769e+02 5.082049249602356506e-09
1.979658142647529644e+02 5.156112955067651301e-09
1.994031328538958689e+02 5.231256034658980528e-09
2.008508870060394145e+02 5.307494218733032294e-09
2.023091524879449707e+02 5.384843466894244653e-09
2.037780056164744451e+02 5.463319971335829461e-09
2.052575232625833621e+02 5.542940160229382332e-09
2.067477828553440986e+02 5.623720701163947253e-09
2.082488623859980521e+02 5.705678504635190962e-09
2.097608404120374246e+02 5.788830727585429084e-09
2.112837960613155985e+02 5.873194776995198860e-09
2.128178090361894590e+02 5.958788313527280086e-09
2.143629596176898247e+02 6.045042665042878380e-09
2.159193286697229155e+02 6.124550241474966579e-09
2.174869976433026011e+02 6.195455578914940231e-09
2.190660485808121223e+02 6.258320484044108786e-09
2.206565641202990946e+02 6.313775689064431553e-09
2.222586274997993314e+02 6.362511593393219398e-09
2.238723225616932666e+02 6.405269468209196641e-09
2.254977337570938118e+02 6.442833309325295898e-09
2.271349461502661597e+02 6.476022495186173734e-09
2.287840454230787088e+02 6.505685379407173505e-09
2.304451178794884356e+02 6.532693922172552860e-09
2.321182504500566210e+02 6.557939442795837991e-09
2.338035306964985978e+02 6.582329557452778016e-09
2.355010468162660970e+02 6.606786352017528841e-09
2.372108876471632755e+02 6.632245830425243171e-09
2.389331426719948865e+02 6.659658674339344625e-09
2.406679020232508606e+02 6.689992350331830015e-09
2.424152564878223188e+02 6.724234606502001785e-09
2.441752975117529161e+02 6.763398411699162342e-09
2.459481172050246869e+02 6.808528407569020415e-09
2.477338083463788223e+02 6.860708966927370347e-09
2.495324643881700126e+02 6.921073982049406466e-09
2.513441794612588183e+02 6.990818544141482983e-09
2.531690483799368394e+02 7.071212721594430072e-09
2.550071666468889759e+02 7.163617701042687024e-09
2.568586304581917830e+02 7.267079795925902665e-09
2.587235367083467281e+02 7.372987242147597756e-09
2.606019829953525004e+02 7.480438140138112543e-09
2.624940676258118515e+02 7.589454983531726149e-09
2.643998896200766922e+02 7.700060593775741100e-09
2.663195487174298819e+02 7.812278124907883983e-09
2.682531453813055577e+02 7.926131068403362972e-09
2.702007808045456727e+02 8.041643258092491315e-09
2.721625569146972339e+02 8.158838875150103478e-09
2.741385763793458068e+02 8.277742453157577891e-09
2.761289426114885259e+02 8.398378883238652477e-09
2.781337597749462134e+02 8.520773419270114923e-09
2.801531327898151176e+02 8.644951683168444665e-09
2.821871673379563390e+02 8.770939670253376059e-09
2.842359698685286276e+02 8.898763754689858417e-09
2.862996476035577871e+02 9.028450695009089553e-09
2.883783085435487692e+02 9.160027639710169654e-09
2.904720614731373871e+02 9.293522132943293654e-09
2.925810159667839798e+02 9.428962120275856888e-09
2.947052823945065256e+02 9.566375954542451742e-09
2.968449719276586620e+02 9.705792401780336885e-09
2.990001965447464158e+02 9.847240647251194664e-09
3.011710690372889871e+02 9.990750301550778102e-09
3.033577030157215972e+02 1.013635140680755260e-08
3.055602129153402871e+02 1.028407444297161116e-08
3.077787140022921903e+02 1.043395033419541329e-08
3.100133223796071320e+02 1.058601045530735177e-08
3.122641549932736211e+02 1.074028663837970896e-08
3.145313296383595230e+02 1.089681117939238085e-08
3.168149649651766708e+02 1.105561684499365742e-08
3.191151804854892475e+02 1.121673687935948721e-08
3.214320965787701994e+02 1.138020501115289191e-08
3.237658344984999985e+02 1.154605546058461463e-08
3.261165163785124150e+02 1.171432294657672900e-08
3.284842652393863887e+02 1.188504269403067155e-08
3.308692049948845693e+02 1.205825044120119126e-08
3.332714604584368203e+02 1.223398244717766878e-08
3.356911573496742562e+02 1.241227549947468311e-08
3.381284223010072196e+02 1.259316692173296218e-08
3.405833828642529397e+02 1.277669458153269597e-08
3.430561675173107119e+02 1.296289689832069785e-08
3.455469056708859625e+02 1.315181285145307838e-08
3.480557276752617213e+02 1.334348198835507431e-08
3.505827648271219914e+02 1.353794443279996023e-08
3.531281493764221864e+02 1.373524089330846050e-08
3.556920145333101573e+02 1.393541267167059885e-08
3.582744944750983223e+02 1.413850167159181037e-08
3.608757243532839993e+02 1.434455040746490238e-08
3.634958403006247636e+02 1.455360201327011579e-08
3.661349794382613254e+02 1.476616987656348764e-08
3.687932798828940122e+02 1.500280048686271388e-08
3.714708807540108637e+02 1.527353545974373429e-08
3.741679221811688194e+02 1.557711401650050727e-08
3.768845453113256667e+02 1.591226507495191287e-08
3.796208923162291171e+02 1.627766114227897598e-08
3.823771063998557906e+02 1.667187331708034954e-08
3.851533318059057933e+02 1.709332723830497195e-08
3.879497138253518074e+02 1.754026000481435037e-08
3.907663988040430922e+02 1.801067827451466456e-08
3.936035341503626910e+02 1.850231793759845541e-08
3.964612683429443791e+02 1.901260594406603016e-08
3.993397509384413411e+02 1.953862504943659493e-08
4.022391325793538499e+02 2.007708242079833965e-08
4.051595650019125401e+02 2.062428321277832005e-08
4.081012010440201152e+02 2.117611037266879380e-08
4.110641946532482507e+02 2.172801205725890935e-08
4.140487008948966832e+02 2.227499813093812027e-08
4.170548759601066990e+02 2.281164725429761383e-08
4.200828771740358434e+02 2.333758842176456924e-08
4.231328630040916323e+02 2.386979537887118231e-08
4.262049930682231889e+02 2.441028389726672829e-08
4.292994281432771686e+02 2.495933425796196101e-08
4.324163301734101879e+02 2.551724681515926466e-08
4.355558622785644047e+02 2.608434283758395757e-08
4.387181887630043207e+02 2.666096538766881349e-08
4.419034751239158254e+02 2.724748024216599820e-08
4.451118880600655530e+02 2.784427685804048751e-08
4.483435954805276538e+02 2.845176938772918412e-08
4.515987665134692293e+02 2.907039774814799404e-08
4.548775715150021597e+02 2.970062874811186332e-08
4.581801820780981984e+02 3.034295727916208001e-08
4.615067710415699480e+02 3.099790757511685310e-08
4.648575124991139091e+02 3.166603454603650526e-08
4.682325818084247544e+02 3.234792519267873245e-08
4.716321556003703108e+02 3.304420010792929434e-08
4.750564117882359483e+02 3.375551507216675271e-08
4.785055295770355315e+02 3.448256274998079673e-08
4.819796894728902430e+02 3.522607449619770831e-08
4.854790732924735153e+02 3.598682227975208553e-08
4.890038641725288926e+02 3.676562073452284906e-08
4.925542465794524674e+02 3.756332934695956385e-08
4.961304063189472799e+02 3.838085479101158886e-08
4.997325305457471813e+02 3.921915342168002791e-08
5.033608077734119775e+02 4.007773575039036729e-08
5.070154278841909559e+02 4.095512947806393617e-08
5.106965821389633788e+02 4.185173137054800290e-08
5.144044631872458240e+02 4.276796193870842198e-08
5.181392650772746720e+02 4.370425089935796329e-08
5.219011832661622066e+02 4.466103737679871610e-08
5.256904146301234277e+02 4.563877010877232029e-08
5.295071574747825025e+02 4.663790765692259345e-08
5.333516115455489626e+02 4.765891862185979021e-08
5.372239780380713228e+02 4.870228186293657501e-08
5.411244596087668697e+02 4.976848672284121023e-08
5.450532603854278477e+02 5.085803325709384075e-08
5.490105859779021102e+02 5.197143246858194974e-08
5.529966434888567619e+02 5.310920654721721367e-08
5.570116415246144470e+02 5.427188911485271669e-08
5.610557902060712649e+02 5.546002547554552503e-08
5.651293011796930159e+02 5.667417287131414297e-08
5.692323876285922779e+02 5.791490074348553917e-08
5.733652642836826772e+02 5.918279099976241802e-08
5.775281474349202426e+02 6.047843828714940481e-08
5.817212549426202486e+02 6.180245027083537455e-08
5.859448062488592086e+02 6.315544791920045110e-08
5.901990223889595200e+02 6.453806579504527058e-08
5.944841260030574404e+02 6.595095235321474144e-08
5.988003413477523509e+02 6.739466933413843650e-08
6.031478943078467410e+02 6.886615916022337300e-08
6.075270124081652057e+02 7.036449874869585047e-08
6.119379248254621189e+02 7.189080945257951110e-08
6.163808624004163903e+02 7.344628029544849795e-08
6.208560576497094416e+02 7.503217099850893553e-08
6.253637447781975425e+02 7.664981518568897679e-08
6.299041596911664556e+02 7.830062378134183949e-08
6.344775400066774864e+02 7.998608861611015387e-08
6.390841250680034591e+02 8.170778625761515543e-08
6.437241559561548456e+02 8.346738208379195170e-08
6.483978755024938891e+02 8.526663461792751631e-08
6.531055283014469524e+02 8.710740014586329100e-08
6.578473607233025859e+02 8.899163763723309081e-08
6.626236209271055486e+02 9.092141399426316856e-08
6.674345588736440504e+02 9.289890965334203341e-08
6.722804263385320382e+02 9.492642456647660530e-08
6.771614769253823169e+02 9.700638459175463925e-08
6.820779660790836942e+02 9.914134832418826097e-08
6.870301510991656642e+02 1.013340144006850948e-07
6.920182911532652952e+02 1.035872293155186313e-07
6.970426472906905246e+02 1.059039957855445905e-07
7.021034824560820198e+02 1.082874817074913432e-07
7.072010615031718999e+02 1.107410297530187998e-07
7.123356512086484145e+02 1.132681676510191099e-07
7.175075202861152093e+02 1.158739009171754581e-07
7.227169394001539331e+02 1.185699545507016876e-07
7.279641811804908684e+02 1.213590346497977910e-07
7.332495202362613327e+02 1.242418919835493632e-07
7.385732331703854925e+02 1.272191623732180438e-07
7.439355985940412666e+02 1.302913514300468209e-07
7.493368971412456858e+02 1.334588186630865665e-07
7.547774114835419823e+02 1.367217609714319394e-07
7.602574263447935436e+02 1.400801955428001402e-07
7.657772285160810952e+02 1.435339421883182888e-07
7.713371068707170934e+02 1.470826051521502692e-07
7.769373523793598224e+02 1.507255544437364662e-07
7.825782581252420869e+02 1.544619067503965996e-07
7.882601193195096130e+02 1.582905059982925461e-07
7.939832333166710896e+02 1.622099036409283776e-07
7.997478996301570078e+02 1.662183387655076888e-07
8.055544199479988947e+02 1.703137181196715495e-07
8.114030981486150722e+02 1.744935961731705302e-07
8.172942403167139673e+02 1.787551553415480842e-07
8.232281547593137248e+02 1.830923274079143692e-07
8.292051520218769838e+02 1.875036488762416373e-07
8.352255449045601381e+02 1.919954539231846984e-07
8.412896484785884468e+02 1.965746527281283215e-07
8.473977801027415353e+02 2.012487280598000996e-07
8.535502594399629288e+02 2.060257637870945751e-07
8.597474084740898661e+02 2.109144763394487032e-07
8.659895515267010069e+02 2.159242494719580480e-07
8.722770152740943104e+02 2.210651727203948676e-07
8.786101287643801925e+02 2.263480839647371151e-07
8.849892234347023532e+02 2.317846165575949242e-07
8.914146331285835458e+02 2.373872515168166406e-07
8.978866941133977662e+02 2.431693753298836341e-07
9.044057450979647683e+02 2.491453439724803519e-07
9.109721272502814600e+02 2.553305538057478649e-07
9.175861842153733505e+02 2.617415200868533502e-07
9.242482621332791268e+02 2.683959639075598717e-07
9.309587096571660823e+02 2.753129084653855327e-07
9.377178779715771952e+02 2.825145308319221720e-07
9.445261208108063329e+02 2.900354394363267820e-07
9.513837944774162452e+02 2.978882860419376125e-07
9.582912578608816148e+02 3.060801344837788526e-07
9.652488724563719416e+02 3.146179524287669958e-07
9.722570023836700557e+02 3.235085589671994733e-07
9.793160144062291010e+02 3.327585684195834515e-07
9.864262779503627598e+02 3.423743302063864582e-07
9.935881651245844068e+02 3.523618646497932244e-07
1.000802050739077572e+03 3.627267946027444994e-07
1.008068312325312036e+03 3.734742728299213005e-07
1.015387330155802488e+03 3.846089050991095774e-07
1.022759487264005543e+03 3.961346689795516025e-07
1.030185169464371938e+03 4.080548283870748877e-07
1.037664765372533111e+03 4.203718439631146967e-07
1.045198666425640795e+03 4.330872794279852062e-07
1.052787266902851570e+03 4.462017041064472119e-07
1.060430963945962958e+03 4.597145918870283172e-07
1.068130157580192417e+03 4.736242169443362500e-07
1.075885250735119371e+03 4.879275466273898868e-07
1.083696649265767519e+03 5.026201319949169942e-07
1.091564761973845634e+03 5.176959965607744745e-07
1.099490000629142514e+03 5.331475238995916005e-07
1.107472779991077005e+03 5.489653448526209524e-07
1.115513517830399678e+03 5.651382251663749098e-07
1.123612634951063455e+03 5.816843299053777264e-07
1.131770555212241334e+03 5.987066232694929268e-07
1.139987705550509190e+03 6.162270536066046668e-07
1.148264516002190476e+03 6.342601982969653507e-07
1.156601419725861433e+03 6.528210613104372336e-07
1.164998853025015705e+03 6.719250856899637306e-07
1.173457255370905614e+03 6.915881664006983906e-07
1.181977069425536001e+03 7.118266635547596302e-07
1.190558741064832020e+03 7.326574160233463399e-07
1.199202719401974264e+03 7.540977554470141389e-07
1.207909456810898973e+03 7.761655206559014938e-07
1.216679408949978551e+03 7.988790725121793159e-07
1.225513034785863965e+03 8.222573091865636502e-07
1.234410796617504730e+03 8.463196818819997163e-07
1.243373160100344421e+03 8.710862110175838415e-07
1.252400594270689453e+03 8.965775028858936971e-07
1.261493571570252243e+03 9.228147667979666248e-07
1.270652567870882649e+03 9.498198327298205715e-07
1.279878062499467887e+03 9.776151694854871382e-07
1.289170538263017988e+03 1.006223903391612756e-06
1.298530481473933605e+03 1.035669837538990199e-06
1.307958381975458451e+03 1.065977471587298293e-06
1.317454733167307950e+03 1.097172022149329155e-06
1.327020032031500932e+03 1.129279443771737650e-06
1.336654779158361180e+03 1.162326450529870029e-06
1.346359478772717921e+03 1.196536896246584747e-06
1.356134638760294138e+03 1.232176545653426388e-06
1.365980770694286775e+03 1.269254002885670433e-06
1.375898389862134081e+03 1.307773329947805644e-06
1.385888015292491673e+03 1.347734392464249291e-06
1.395950169782388912e+03 1.389132319410639872e-06
1.406085379924590825e+03 1.431956942779371628e-06
1.416294176135158523e+03 1.476192219551651583e-06
1.426577092681201293e+03 1.521815638972767111e-06
1.436934667708846746e+03 1.568797618793710060e-06
1.447367443271397633e+03 1.617100894850140508e-06
1.457875965357701034e+03 1.666679909091980506e-06
1.468460783920722633e+03 1.717480201946275919e-06
1.479122452906329499e+03 1.769437815686983963e-06
1.489861530282273179e+03 1.822478716279327748e-06
1.500678578067401077e+03 1.876518241963103297e-06
1.511574162361061781e+03 1.931460587609037359e-06
1.522548853372733447e+03 1.987198334621016921e-06
1.533603225451865001e+03 2.043612036837717961e-06
1.544737857117935391e+03 2.100569873491165327e-06
1.555953331090724760e+03 2.157927380786014731e-06
1.567250234320817754e+03 2.215527274045284762e-06
1.578629158020316936e+03 2.273199372600891894e-06
1.590090697693783568e+03 2.330760639668074615e-06
1.601635453169403036e+03 2.388021628629538545e-06
1.613264028630377879e+03 2.445021637615501913e-06
1.624977032646540692e+03 2.501879882293108342e-06
1.636775078206212584e+03 2.558672088325896487e-06
1.648658782748277417e+03 2.615485809220932736e-06
1.660628768194495478e+03 2.672420506340552224e-06
1.672685660982053378e+03 2.729587656236728973e-06
1.684830092096341559e+03 2.787110896115615440e-06
1.697062697103985784e+03 2.845126218523178905e-06
1.709384116186102801e+03 2.903782226664461508e-06
1.721794994171804092e+03 2.963240462157121527e-06
1.734295980571944028e+03 3.023675817498703989e-06
1.746887729613111787e+03 3.085277046122609165e-06
1.759570900271863138e+03 3.148247383655971775e-06
1.772346156309218031e+03 3.212805294907325080e-06
1.785214166305390108e+03 3.279185362232552400e-06
1.798175603694778829e+03 3.347639332289869382e-06
1.811231146801212617e+03 3.418437339841433833e-06
1.824381478873449851e+03 3.491869329233462603e-06
1.837627288120929052e+03 3.568246696535705959e-06
1.850969267749796245e+03 3.647904178114647560e-06
1.864408115999176289e+03 3.731202014702373967e-06
1.877944536177716145e+03 3.818528423904226549e-06
1.891579236700391903e+03 3.910302418636467913e-06
1.905312931125584555e+03 4.006977014318547676e-06
1.919146338192416351e+03 4.109716858719783791e-06
1.933080181858375909e+03 4.222945455186373588e-06
1.947115191337199121e+03 4.347307001115216130e-06
1.961252101137032923e+03 4.482705453373913020e-06
1.975491651098877583e+03 4.629018712575047460e-06
1.989834586435297069e+03 4.786083763240357753e-06
2.004281657769431604e+03 4.953681333859082464e-06
2.018833621174272139e+03 5.131520082253737740e-06
2.033491238212230883e+03 5.319220373696628626e-06
2.048255275974997403e+03 5.516297786404383944e-06
2.063126507123684860e+03 5.722146551454670993e-06
2.078105709929258865e+03 5.936023211327423153e-06
2.093193668313278977e+03 6.157030862011556091e-06
2.108391171888918052e+03 6.384104426040089394e-06
2.123699016002285589e+03 6.615997485218770756e-06
2.139118001774053027e+03 6.851271278662829694e-06
2.154648936141380545e+03 7.088286539669056023e-06
2.170292631900140350e+03 7.325198898735760559e-06
2.186049907747465113e+03 7.559958613883026916e-06
2.201921588324584263e+03 7.792894083250067198e-06
2.217908504259986330e+03 8.026742877527775379e-06
2.234011492212884150e+03 8.262399654054240276e-06
2.250231394917007947e+03 8.500883696870753620e-06
2.266569061224695361e+03 8.743347537686553837e-06
2.283025346151331632e+03 8.991082021930387857e-06
2.299601110920087194e+03 9.245523136065881271e-06
2.316297223006989043e+03 9.508260958170631529e-06
2.333114556186322716e+03 9.781051126619048306e-06
2.350053990576351680e+03 1.006582926498133563e-05
2.367116412685390969e+03 1.036472885752841813e-05
2.384302715458190960e+03 1.068010314199550161e-05
2.401613798322673574e+03 1.101389973990332223e-05
2.419050567237001360e+03 1.136513486771023479e-05
2.436613934736992633e+03 1.173394929748350928e-05
2.454304819983868583e+03 1.212070914367832651e-05
2.472124148812370549e+03 1.252576131008525645e-05
2.490072853779204252e+03 1.294942793795205833e-05
2.508151874211845552e+03 1.339200044299579181e-05
2.526362156257699553e+03 1.385373313381288041e-05
2.544704652933618490e+03 1.433483640942384152e-05
2.563180324175767055e+03 1.483546953969473412e-05
2.581790136889876067e+03 1.535573303921418614e-05
2.600535065001831754e+03 1.589566065285407783e-05
2.619416089508650202e+03 1.645521097981416948e-05
2.638434198529815149e+03 1.703425877232437260e-05
2.657590387358994121e+03 1.763258595548394925e-05
2.676885658516114290e+03 1.824987242576018559e-05
2.696321021799845767e+03 1.888568669753912610e-05
2.715897494340436879e+03 1.953947647959170734e-05
2.735616100652946898e+03 2.021056767896860245e-05
2.755477872690866207e+03 2.090192372988379814e-05
2.775483849900112091e+03 2.161692944748362560e-05
2.795635079273443353e+03 2.235639383131804913e-05
2.815932615405241449e+03 2.312115355491099885e-05
2.836377520546706364e+03 2.391207391242367779e-05
2.856970864661446285e+03 2.473004979769656737e-05
2.877713725481478832e+03 2.557600671678693407e-05
2.898607188563617456e+03 2.645090183514018847e-05
2.919652347346304850e+03 2.735572506058401603e-05
2.940850303206821536e+03 2.829150016336822888e-05
2.962202165518930997e+03 2.925928593451632796e-05
2.983709051710936365e+03 3.026017738380769355e-05
3.005372087324162294e+03 3.129530697873388008e-05
3.027192406071848836e+03 3.236584592583864714e-05
3.049171149898499152e+03 3.347300549589025839e-05
3.071309469039631949e+03 3.461803839438642462e-05
3.093608522081979118e+03 3.580224017893702838e-05
3.116069476024121286e+03 3.702695072513352841e-05
3.138693506337562667e+03 3.829873687804651473e-05
3.161481797028236087e+03 3.964784220881250524e-05
3.184435540698486420e+03 4.107762160374756001e-05
3.207555938609471468e+03 4.258597282100601538e-05
3.230844200744030786e+03 4.417009412849032013e-05
3.254301545870013797e+03 4.582637104585084165e-05
3.277929201604048103e+03 4.755026268418057725e-05
3.301728404475807110e+03 4.933618970368075274e-05
3.325700399992707389e+03 5.117742640391747980e-05
3.349846442705095797e+03 5.306599996358449148e-05
3.374167796271904535e+03 5.499260034041264744e-05
3.398665733526786426e+03 5.694650480549981692e-05
3.423341536544715836e+03 5.891552149446642602e-05
3.448196496709102121e+03 6.088595668018640219e-05
3.473231914779360977e+03 6.284261067528736208e-05
3.498449100958993313e+03 6.476880732103376908e-05
3.523849374964149320e+03 6.664646187588481351e-05
3.549434066092702778e+03 6.845619174636568931e-05
3.575204513293800119e+03 7.017747387275008355e-05
3.601162065237957449e+03 7.184434323613408003e-05
3.627308080387625978e+03 7.351203867733135402e-05
3.653643927068289941e+03 7.518126788298646116e-05
3.680170983540076122e+03 7.685286060835099702e-05
3.706890638069888610e+03 7.852782437309836501e-05
3.733804289004044676e+03 8.020734716271051164e-05
3.760913344841482285e+03 8.189280015271511710e-05
3.788219224307453715e+03 8.358574053773785463e-05
3.815723356427778981e+03 8.528791455075485463e-05
3.843427180603636316e+03 8.700126076127227815e-05
3.871332146686874694e+03 8.872791374446570420e-05
3.899439715055916167e+03 9.047020821681158299e-05
3.927751356692165245e+03 9.223068373746234872e-05
3.956268553256996711e+03 9.401209007865919285e-05
3.984992797169295955e+03 9.581739337293941399e-05
4.013925591683568655e+03 9.764978315008224588e-05
4.043068450968593879e+03 9.951268038238062223e-05
4.072422900186692914e+03 1.014097466636349777e-04
4.101990475573528784e+03 1.033448946547803858e-04
4.131772724518511495e+03 1.053222999379512990e-04
4.161771205645772170e+03 1.073464144309558464e-04
4.191987488895743809e+03 1.094219815258006131e-04
4.222423155607301851e+03 1.115540531284272451e-04
4.253079798600548202e+03 1.137480087922399083e-04
4.283959022260150959e+03 1.160095771558246314e-04
4.315062442619315334e+03 1.183448599154190132e-04
4.346391687444356648e+03 1.207603585860528891e-04
4.377948396319889980e+03 1.232630043315909962e-04
4.409734220734621886e+03 1.258601911741798304e-04
4.441750824167803330e+03 1.285598129279318254e-04
4.473999882176268329e+03 1.313702174647725460e-04
4.506483082482131067e+03 1.342778020430492459e-04
4.539202125061108745e+03 1.372712923154552963e-04
4.572158722231475622e+03 1.403558850127961145e-04
4.605354598743701899e+03 1.435370943640630365e-04
4.638791491870696518e+03 1.468207727567475687e-04
4.672471151498731160e+03 1.502131331442902232e-04
4.706395340219019999e+03 1.537207733552472307e-04
4.740565833419964292e+03 1.573507024735851364e-04
4.774984419380051804e+03 1.611103694754223512e-04
4.809652899361469281e+03 1.650076943256433947e-04
4.844573087704352474e+03 1.690511017572939479e-04
4.879746811921739209e+03 1.732495579790269905e-04
4.915175912795215481e+03 1.776126105798127904e-04
4.950862244471253689e+03 1.821504319275532222e-04
4.986807674558225699e+03 1.868738663880316006e-04
5.023014084224175349e+03 1.917944817241784377e-04
5.059483368295245782e+03 1.969246250726744884e-04
5.096217435354847112e+03 2.022774839363585713e-04
5.133218207843542586e+03 2.079011688872540087e-04
5.170487622159664170e+03 2.139889551040111235e-04
5.208027628760623884e+03 2.205683217102711951e-04
5.245840192265030055e+03 2.276375711746389877e-04
5.283927291555474767e+03 2.351935687120698920e-04
5.322290919882107119e+03 2.432312128285124119e-04
5.360933084966950446e+03 2.517428843154783237e-04
5.399855809108954418e+03 2.607178749124951993e-04
5.439061129289861128e+03 2.701417986440661370e-04
5.478551097280787872e+03 2.799959907923452000e-04
5.518327779749609363e+03 2.902569015823319243e-04
5.558393258369116666e+03 3.008954939177960653e-04
5.598749629925961017e+03 3.118766568798123648e-04
5.639399006430367990e+03 3.231586491363310984e-04
5.680343515226700220e+03 3.346925888425200321e-04
5.721585299104767728e+03 3.464220089481386011e-04
5.763126516411973171e+03 3.582824989622271903e-04
5.804969341166267441e+03 3.702014560274958913e-04
5.847115963169931092e+03 3.820979694828534508e-04
5.889568588124150665e+03 3.941111483177581350e-04
5.932329437744488132e+03 4.064544025278449811e-04
5.975400749877129783e+03 4.191318265523818727e-04
6.018784778616004587e+03 4.321471556921640980e-04
6.062483794420752020e+03 4.455037905030100357e-04
6.106500084235549366e+03 4.592047679116008471e-04
6.150835951608773030e+03 4.732527314350558215e-04
6.195493716813589344e+03 4.876499005493916696e-04
6.240475716969359382e+03 5.023980392591210565e-04
6.285784306163952351e+03 5.174984239281533484e-04
6.331421855576956659e+03 5.329518104402423007e-04
6.377390753603744088e+03 5.487584007659094924e-04
6.423693405980501666e+03 5.649178090210217910e-04
6.470332235910111194e+03 5.814290271118034226e-04
6.517309684188967367e+03 5.982903900697941930e-04
6.564628209334718122e+03 6.154995411899532405e-04
6.612290287714933584e+03 6.330533970945666049e-04
6.660298413676679047e+03 6.509481128553891395e-04
6.708655099677090220e+03 6.691790473156864144e-04
6.757362876414837956e+03 6.877407287643731194e-04
6.806424292962575237e+03 7.066268211230063070e-04
6.855841916900340038e+03 7.258300908166631172e-04
6.905618334449931353e+03 7.453423745084560058e-04
6.955756150610234727e+03 7.651545478862853715e-04
7.006257989293587343e+03 7.852347471238217908e-04
7.057126493463074439e+03 8.051561548204362161e-04
7.108364325270852532e+03 8.248128144132119621e-04
7.159974166197468548e+03 8.442878808678750497e-04
7.211958717192202130e+03 8.636758641918638492e-04
7.264320698814384741e+03 8.830825072834397414e-04
7.317062851375824721e+03 9.026247768862352304e-04
7.370187935084188211e+03 9.224309959075318059e-04
7.423698730187457841e+03 9.426411457332564388e-04
7.477598037119443688e+03 9.634073681237339702e-04
7.531888676646309250e+03 9.848946979700578825e-04
7.586573490014240633e+03 1.007282060812602969e-03
7.641655339098108925e+03 1.030763572771167813e-03
7.697137106551249417e+03 1.055550185633463613e-03
7.753021695956327676e+03 1.081871726560160868e-03
7.809312031977297011e+03 1.109979390508561772e-03
7.866011060512430049e+03 1.140148754434330228e-03
7.923121748848538118e+03 1.172683396083371282e-03
7.980647085816223807e+03 1.207919217329791106e-03
8.038590081946314058e+03 1.250545546478488805e-03
8.096953769627406473e+03 1.311750647208743828e-03
8.155741203264577052e+03 1.391044837415808923e-03
8.214955459439199331e+03 1.487227294292317765e-03
8.274599637069999517e+03 1.598704696495374666e-03
8.334676857575203030e+03 1.723146284238645694e-03
8.395190265035900666e+03 1.857151557378430547e-03
8.456143026360590738e+03 1.995961482187459321e-03
8.517538331450925398e+03 2.133265372695406729e-03
8.579379393368610181e+03 2.261173248465210214e-03
8.641669448503616877e+03 2.370431059128162102e-03
8.704411756743520527e+03 2.450945548685599940e-03
8.767609601644102440e+03 2.495671313918756962e-03
8.831266290601211949e+03 2.532042206063643119e-03
8.895385155023815969e+03 2.568943152702494494e-03
8.959969550508394605e+03 2.606381878632537015e-03
9.025022857014522742e+03 2.644366221229026408e-03
9.090548479041759492e+03 2.682904132085912798e-03
9.156549845807827296e+03 2.722003678680424543e-03
9.223030411428082516e+03 2.761673046061907839e-03
9.289993655096239308e+03 2.801920538565246931e-03
9.357443081266515946e+03 2.842754581549322875e-03
9.425382219836996228e+03 2.884183723160743326e-03
9.493814626334366039e+03 2.926216636123301750e-03
9.562743882099999610e+03 2.968862119553522527e-03
