# label=highfre transition radiation
# source_module=highfre322v
# source_component=axion_transition
# source_transition_family=fine
# source_frequency_frame=observer
# source_redshift=0.0000000000000000e+00
# source_luminosity_distance_m=3.0856775814913671e+19
# rate_model=remnant_cloud_effective
# r0_gpc3_yr=1.0000000000000000e+00
# r_eff0_gpc3_yr=1.0000000000000000e+00
# rate_evolution=constant
# z_model=1.0000000000000000e+01
# f_ret=1.0000000000000000e+00
# f_2g=1.0000000000000000e+00
# f_cloud=1.0000000000000000e+00
# f_duty=1.0000000000000000e+00
# remnant_spin=6.9999999999999996e-01
# spin_model=GerosaBerti2017
# kerr_m_omega_h=2.0418368367551071e-01
# cloud_azimuthal_m=2
# superradiant_spin_threshold=5.5045871559633019e-01
# p_superradiant=1.0000000000000000e+00
# nu_cut_hz=1.6933838487110208e+02
# characteristic_mass_msun=5.0500000000000000e-01
# hubble_h0_si=2.1953038906696129e-18
# rho_c_energy_density_si=7.7465150935130668e-10
# omega_gw_formula=f_over_rho_c_H0_integral_R_eff_dE_dnu_over_1plusz_Ez
# single_event_spectrum_frame=local_source_z0
# energy_spectrum_prefactor=two_pi_squared_c_cubed_over_G
# source_angle_average_factor=8.0000000000000004e-01
# single_event_fourier_convention=h_tilde_integral_h_exp_minus_2pi_i_f_t_dt
# columns=frequency_hz omega_gw
2.410346123981594419e-04 8.797132592627988606e-48
2.476259741267432604e-04 1.042137543810083732e-46
2.543975840321540836e-04 2.340918461093862657e-46
2.613543712028854244e-04 3.826721787675165509e-46
2.685013995188811767e-04 5.289275082646689264e-46
2.758438713375611939e-04 7.197037931957817076e-46
2.833871312806406713e-04 9.358878850062957927e-46
2.911366701245093219e-04 1.180202702192006058e-45
2.990981287969925228e-04 1.425408820941748440e-45
3.072773024834127265e-04 1.733143560579860583e-45
3.156801448449316622e-04 2.078719043796916592e-45
3.243127723522520813e-04 2.466060188399314474e-45
3.331814687378250781e-04 2.859902964802476195e-45
3.422926895698109829e-04 3.341345124678830558e-45
3.516530669511205940e-04 3.878523662651013251e-45
3.612694143469535575e-04 4.477063396354241842e-45
3.711487315443560888e-04 5.091345431538585842e-45
3.812982097473980735e-04 5.828064273975010842e-45
3.917252368116891760e-04 6.646133394684091555e-45
4.024374026220323489e-04 7.553572694674859615e-45
4.134425046171423188e-04 8.491418455447230170e-45
4.247485534654365331e-04 9.600019380244697434e-45
4.363637788960422780e-04 1.082644946247982220e-44
4.482966356892583316e-04 1.218209129833622186e-44
4.605558098308286147e-04 1.359080985951557471e-44
4.731502248345180093e-04 1.523717450099890471e-44
4.860890482375785780e-04 1.705276050531126069e-44
4.993816982738493544e-04 1.904860011151818981e-44
5.130378507293314235e-04 2.112353026535953186e-44
5.270674459852451406e-04 2.351843799205358366e-44
5.414806962536786259e-04 2.614378407460225278e-44
5.562880930111101501e-04 2.902000375013469358e-44
5.715004146352068793e-04 3.201809163853554619e-44
5.871287342504560294e-04 3.545386068046579825e-44
6.031844277883516075e-04 3.921168520037385265e-44
6.196791822679869862e-04 4.331965247685164349e-44
6.366250043030984972e-04 4.761102992740619578e-44
6.540342288417350103e-04 5.249939751471869850e-44
6.719195281449322904e-04 5.783560170957477286e-44
6.902939210109106842e-04 6.365808923252841846e-44
7.091707822515244761e-04 6.975171333954144192e-44
7.285638524278565970e-04 7.665611307376677688e-44
7.484872478520360325e-04 8.415878718304825728e-44
7.689554708625774299e-04 9.229986732405344181e-44
7.899834203806991792e-04 1.007959060343582335e-43
8.115864027553285369e-04 1.103455578121533537e-43
8.337801429046628240e-04 1.206939374012864754e-43
8.565807957624217922e-04 1.319031978233978027e-43
8.800049580370984236e-04 1.436074607005165310e-43
9.040696802927879975e-04 1.567139810163970073e-43
9.287924793603801734e-04 1.708935813084578737e-43
9.541913510881453852e-04 1.862282611324844751e-43
9.802847834410005450e-04 2.022344491319998223e-43
1.007091769957992435e-03 2.200326216885527932e-43
1.034631823577791734e-03 2.391827134162173804e-43
1.062924990842250943e-03 2.597791540735835944e-43
1.091991866488391293e-03 2.812056826053141342e-43
1.121853608439404675e-03 3.049584430194795841e-43
1.152531953205615826e-03 3.304768210667980707e-43
1.184049231706598305e-03 3.578814040177612551e-43
1.216428385525958680e-03 3.863782226482265185e-43
1.249692983610627790e-03 4.177932790576956255e-43
1.283867239426815998e-03 4.513718471293391725e-43
1.318976028585119647e-03 4.872519273717010343e-43
1.355044906947592892e-03 5.244192929940619558e-43
1.392100129229996344e-03 5.652805501903709205e-43
1.430168668112724974e-03 6.089038093654445303e-43
1.469278233874367649e-03 6.554338320194530582e-43
1.509457294562144281e-03 7.034799415324428128e-43
1.550735096713950567e-03 7.560412543501943720e-43
1.593141686647048857e-03 8.119297360093424373e-43
1.636707932328934807e-03 8.713450318650764448e-43
1.681465545846290519e-03 9.326869626859321395e-43
1.727447106488357422e-03 9.996357668818587466e-43
1.774686084461577201e-03 1.070605030030668227e-42
1.823216865252706188e-03 1.145835237304655945e-42
1.873074774658197578e-03 1.223357572977251445e-42
1.924296104498009240e-03 1.307765439001842506e-42
1.976918139032614232e-03 1.397154736594615212e-42
2.030979182102386153e-03 1.491736990124547026e-42
2.086518585009160352e-03 1.589127836415857108e-42
2.143576775160247090e-03 1.694902481861688962e-42
2.202195285495736968e-03 1.806801979070788540e-42
2.262416784720530909e-03 1.925092803695868989e-42
2.324285108363105968e-03 2.046914350637098539e-42
2.387845290683621689e-03 2.178944355723445373e-42
2.453143597454565065e-03 2.318472549063357385e-42
2.520227559637856340e-03 2.465857368489939631e-42
2.589146007982854030e-03 2.617721674246298859e-42
2.659949108570508047e-03 2.779969998909235629e-42
2.732688399329503536e-03 2.928025400621238283e-42
2.807416827550972271e-03 3.082719229252553093e-42
2.884188788429081340e-03 3.244278233611186169e-42
2.963060164655569994e-03 3.412909922691614522e-42
3.044088367097051023e-03 3.588816845959858186e-42
3.127332376584640670e-03 3.772204922023892117e-42
3.212852786846425671e-03 3.963254865483429285e-42
3.300711848613917428e-03 4.162132780194978840e-42
3.390973514934675880e-03 4.368996631888716241e-42
3.483703487724058943e-03 4.583987298106718401e-42
3.578969265589967107e-03 4.807217072450844009e-42
3.676840192965406037e-03 5.038773537493048645e-42
3.777387510584653222e-03 5.278723710660157252e-42
3.880684407339748867e-03 5.527109404940785321e-42
3.986806073555046459e-03 5.783927484490769449e-42
4.095829755718615774e-03 6.049135874018748482e-42
4.207834812710358786e-03 6.322659092711881521e-42
4.322902773567719424e-03 6.604378683395965352e-42
4.441117396831093661e-03 6.894110123800513523e-42
4.562564731512076463e-03 7.191608903616042982e-42
4.687333179728954066e-03 7.496577754270064509e-42
4.815513561055055278e-03 7.808652059833637292e-42
4.947199178626781983e-03 8.127371249820070963e-42
5.082485887059412337e-03 8.452186505011848763e-42
5.221472162220142273e-03 8.782469492366924015e-42
5.364259172909177989e-03 9.117631817115503731e-42
5.510950854500990502e-03 9.457984584583156720e-42
5.661653984599413283e-03 9.803063368609759193e-42
5.816478260761575453e-03 1.015209952931001881e-41
5.975536380347293633e-03 1.050420414866501225e-41
6.138944122552040909e-03 1.085835109862237664e-41
6.306820432683222025e-03 1.121339185007987402e-41
6.479287508741033916e-03 1.156807500492139019e-41
6.656470890366986137e-03 1.192098952680965695e-41
6.838499550224852279e-03 1.227053825888710579e-41
7.025505987880492284e-03 1.261496199828780198e-41
7.217626326248972705e-03 1.295236118651363217e-41
7.415000410679096349e-03 1.328062864720671862e-41
7.617771910747509270e-03 1.359740900446009794e-41
7.826088424836516802e-03 1.390013640032363449e-41
8.040101587571697045e-03 1.418656151790755858e-41
8.259967180197473266e-03 1.445846167420649317e-41
8.485845243971055704e-03 1.471465553187194755e-41
8.717900196657272713e-03 1.495266108983606040e-41
8.956300952209077584e-03 1.516989456781138972e-41
9.201221043720871420e-03 1.536357576139587879e-41
9.452838749744094798e-03 1.553069148454576646e-41
9.711337224057044193e-03 1.566795820751499831e-41
9.976904628983436496e-03 1.577196888140572841e-41
1.024973427235673432e-02 1.583908530362988396e-41
1.053002474822981906e-02 1.586537408866291523e-41
1.081798008143262414e-02 1.585065191459504198e-41
1.111380987608281273e-02 1.580173487676182981e-41
1.141772946815766514e-02 1.571665006256714457e-41
1.172996008223818089e-02 1.559246326186665929e-41
1.205072899253958538e-02 1.542616024116908607e-41
1.238026968834533663e-02 1.521474757523542699e-41
1.271882204396514171e-02 1.495521630692384143e-41
1.306663249334066336e-02 1.464407819010123223e-41
1.342395420942599574e-02 1.428056921749590133e-41
1.379104728847353398e-02 1.388061390834942483e-41
1.416817893935931431e-02 1.344645512242620271e-41
1.455562367808568847e-02 1.297642151348742278e-41
1.495366352760289785e-02 1.246892821705484391e-41
1.536258822309493829e-02 1.192234199261477155e-41
1.578269542287929345e-02 1.133530199118635900e-41
1.621429092507387093e-02 1.071439266282134496e-41
1.665768889018898191e-02 1.008219548798550498e-41
1.711321206980633003e-02 9.439506287179085285e-42
1.758119204151150153e-02 8.785983114327552210e-42
1.806196945025092745e-02 8.120862865614278362e-42
1.855589425628903499e-02 7.443815299302012000e-42
1.906332598994606858e-02 6.772001283002153759e-42
1.958463401330199846e-02 6.122531243939595467e-42
2.012019778905697887e-02 5.493547842037207754e-42
2.067040715674419230e-02 4.883816323380261762e-42
2.123566261649594000e-02 4.291985460250231197e-42
2.181637562056968488e-02 3.733905745896745526e-42
2.241296887284620690e-02 3.220770604669753048e-42
2.302587663651784605e-02 2.748225779774746626e-42
2.365554505019083417e-02 2.312206703426394944e-42
2.430243245263181626e-02 1.914870082432839616e-42
2.496700971639492436e-02 1.568585476143760504e-42
2.564976059057217858e-02 1.267327959663340020e-42
2.635118205291700141e-02 1.004624554112975837e-42
2.707178467159659235e-02 7.799543182562510544e-43
2.781209297683726392e-02 5.968381466442144050e-43
2.857264584273235333e-02 4.476392296717559128e-43
2.935399687949159786e-02 3.260843454808938916e-43
3.015671483641655520e-02 2.323363061036145162e-43
3.098138401589611499e-02 1.618430906513842953e-43
3.182860469872322157e-02 1.087156918169832496e-43
3.269899358104201570e-02 7.052284647445408328e-44
3.359318422324429620e-02 4.447204834378345202e-44
3.451182751114098557e-02 2.666708140329886996e-44
3.545559212974543073e-02 1.523981992587327084e-44
3.642516505001228144e-02 8.356805056941756465e-45
3.742125202888731822e-02 4.222304425093285808e-45
3.844457812303121724e-02 2.010968302355032653e-45
3.949588821659196641e-02 8.840418152055747625e-46
4.057594756340989622e-02 3.404228640989009957e-46
4.168554234404943382e-02 1.296960929460046310e-46
4.282548023806421328e-02 1.210807271447810174e-46
4.399659101191066152e-02 3.210561762449707177e-46
4.519972712293948702e-02 5.059373073929971206e-46
4.643576433990326269e-02 5.667776035562935881e-46
4.770560238043321244e-02 6.074606697769542904e-46
4.901016556594782470e-02 6.498616944803736725e-46
5.035040349447114649e-02 6.956816177917013869e-46
5.172729173185005441e-02 7.442395421048662695e-46
5.314183252187310025e-02 7.958222933603137502e-46
5.459505551580921823e-02 8.513396424018948122e-46
5.608801852189550241e-02 9.113383047857030456e-46
5.762180827532156768e-02 9.749080776856226688e-46
5.919754122926903367e-02 1.042560922612369155e-45
6.081636436758376674e-02 1.115438983915951087e-45
6.247945603967071382e-02 1.193895334413029628e-45
6.418802681822070866e-02 1.277016125808206014e-45
6.594332038039195376e-02 1.365481732722701666e-45
6.774661441308896248e-02 1.460773303679669693e-45
6.959922154299744146e-02 1.563723207398593953e-45
7.150249029205127393e-02 1.672721437359706890e-45
7.345780605902890725e-02 1.788224010531412791e-45
7.546659212799139427e-02 1.912744827257465621e-45
7.753031070429858285e-02 2.047293110636212863e-45
7.965046397895501895e-02 2.189770085349976842e-45
8.182859522206289982e-02 2.340974687153401429e-45
8.406628990617540098e-02 2.503969944583805394e-45
8.636517686037038788e-02 2.679317969053749468e-45
8.872692945588335489e-02 2.865639555870549930e-45
9.115326682416212412e-02 3.062773287722460258e-45
9.364595510823180147e-02 3.275849250273158571e-45
9.620680874827841622e-02 3.504711407373994456e-45
9.883769180238963226e-02 3.747544056333195838e-45
1.015405193034111392e-01 4.004511053236274975e-45
1.043172586529093893e-01 4.282066596370884970e-45
1.071699310532521210e-01 4.580251224252835272e-45
1.101006129788524718e-01 4.897156873541254582e-45
1.131114376876442285e-01 5.230505104076148839e-45
1.162045967738912777e-01 5.591564259332373633e-45
1.193823417634602008e-01 5.979027923807967241e-45
1.226469857527164031e-01 6.390863755497685158e-45
1.260009050922394069e-01 6.822912332365630429e-45
1.294465411165791890e-01 7.290230276763223643e-45
1.329864019213168047e-01 7.793922533428656479e-45
1.366230641887185848e-01 8.326293871407535645e-45
1.403591750633169377e-01 8.883279953520713881e-45
1.441974540787792358e-01 9.488269913441406059e-45
1.481406951374700243e-01 1.013777892785216792e-44
1.521917685441472046e-01 1.082159301301178146e-44
1.563536230952697337e-01 1.153818250751924256e-44
1.606292882254427290e-01 1.231602869261214425e-44
1.650218762125565952e-01 1.314679933852733330e-44
1.695345844432307736e-01 1.402421374599731925e-44
1.741706977402062151e-01 1.494018600361081072e-44
1.789335907533853298e-01 1.593233855919994340e-44
1.838267304162551630e-01 1.699140683146847375e-44
1.888536784694869186e-01 1.810263179718697257e-44
1.940180940535433107e-01 1.925075696299110157e-44
1.993237363721857280e-01 2.052397916377988309e-44
2.047744674288179134e-01 2.182508969843139143e-44
2.103742548376560106e-01 2.324609278372984492e-44
2.161271747117763375e-01 2.475220129364726433e-44
2.220374146301365981e-01 2.626372569355014066e-44
2.281092766857371612e-01 2.785918676012693713e-44
2.343471806171341931e-01 2.964298598254083459e-44
2.407556670255911468e-01 3.150942214622745099e-44
2.473394006802032419e-01 3.336933444869256134e-44
2.541031739134068657e-01 3.533462147773514823e-44
2.610519101093429217e-01 3.752695105300618087e-44
2.681906672876107067e-01 3.980275611619186062e-44
2.755246417850277241e-01 4.204960461822581712e-44
2.830591720380669640e-01 4.442469464739237457e-44
2.907997424687334131e-01 4.707516979124043740e-44
2.987519874766997319e-01 4.979759864575296732e-44
3.069216955406163239e-01 5.246734550536364284e-44
3.153148134315716389e-01 5.530614587030563951e-44
3.239374505417769168e-01 5.843273157899137694e-44
3.327958833316245757e-01 6.165857307934322150e-44
3.418965598983522702e-01 6.476481347108403086e-44
3.512461046696478406e-01 6.808690729899065674e-44
3.608513232256000958e-01 7.175277438495977832e-44
3.707192072525175575e-01 7.550810086408922443e-44
3.808569396322085132e-01 7.906033001465302501e-44
3.912718996704393493e-01 8.298512571218458963e-44
4.019716684683649066e-01 8.727441609621965919e-44
4.129640344408528896e-01 9.129916383212755426e-44
4.242569989857066792e-01 9.590240597908713987e-44
4.358587823079240753e-01 9.959263299895458355e-44
4.477778294032263018e-01 1.053101766569866986e-43
4.600228162052096836e-01 1.071845890855374445e-43
4.726026559006040184e-01 9.231107688569320396e-44
4.855265054172220873e-01 4.522882306862776761e-44
4.988037720893365723e-01 1.697279755475413368e-44
5.124441205053213988e-01 1.308086094830347312e-44
5.264574795425579490e-01 1.475788125578165493e-44
5.408540495947103954e-01 1.476284065064536354e-44
5.556443099966442700e-01 1.800815360945390831e-44
5.708390266523888368e-01 1.872113402389406143e-44
5.864492598716870564e-01 3.892945125077993280e-44
6.024863724208557869e-01 3.692762207163121280e-44
6.189620377937941065e-01 4.760894784779121047e-44
6.358882487091829239e-01 5.090657753415718587e-44
6.532773258400395022e-01 5.331860673419953666e-44
6.711419267820015744e-01 1.387116194760350312e-42
6.894950552668485111e-01 2.638627816331378191e-42
7.083500706279882708e-01 2.612912061392955768e-42
7.277206975247775267e-01 1.708771818939649352e-42
7.476210359327710719e-01 1.836010221120647516e-42
7.680655714071670248e-01 3.477670221278775534e-42
7.890691856269084203e-01 3.414549317254472611e-42
8.106471672271381435e-01 2.236639703346123711e-42
8.328152229278654728e-01 2.436284337132478818e-42
8.555894889669724002e-01 4.592668621276793659e-42
8.789865428458547569e-01 4.473278878956027802e-42
9.030234153962743981e-01 2.936242173316808228e-42
9.277176031771803277e-01 3.245615356576706969e-42
9.530870812105435297e-01 6.072177981922413685e-42
9.791503160654675408e-01 5.877851519572546785e-42
1.005926279300089154e+00 3.877616375619361909e-42
1.033434461271077964e+00 4.384385301138393377e-42
1.061694885320754844e+00 8.090234117540772038e-42
1.090728122352192297e+00 7.767250343169677766e-42
1.120555305802866330e+00 5.279706256208711767e-42
1.151198147027801211e+00 6.129669036644089200e-42
1.182678951103362630e+00 1.116150194518262813e-41
1.215020633063243150e+00 1.101965798337713229e-41
1.248246734578420725e+00 1.009733027786257293e-41
1.282381441093261465e+00 4.247840456059875035e-30
1.317449599430228879e+00 9.603334868441283085e-32
1.353476735876000481e+00 5.939278197662117411e-30
1.390489074762188082e+00 3.942938460362392398e-29
1.428513557554150104e+00 1.079692017511610418e-29
1.467577862461827420e+00 1.217530769383416349e-31
1.507710424586839348e+00 8.073230277949224607e-30
1.548940456620547357e+00 5.174277180690818939e-29
1.591297970108107140e+00 1.368762720054055784e-29
1.634813797294026205e+00 1.541139047133827078e-31
1.679519613565112257e+00 1.097233554167560518e-29
1.725447960507134448e+00 6.789096788143385303e-29
1.772632269592017362e+00 1.734934845185066590e-29
1.821106886512762202e+00 1.961174611040991505e-31
1.870907096183862084e+00 1.490957893526561010e-29
1.922069148425350926e+00 8.905973161928437749e-29
1.974630284349243814e+00 2.198553969186713179e-29
2.028628763467513085e+00 2.509628465141477428e-31
2.084103891541383202e+00 2.025414446188267270e-29
2.141096049192195760e+00 1.167945862489178506e-28
2.199646721294650664e+00 2.777827570229306756e-29
2.259798527173867200e+00 3.229931136621949744e-31
2.321595251628189249e+00 2.750427944028852012e-29
2.385081876800370093e+00 1.531044477118051926e-28
2.450304614920284507e+00 3.495497817738683845e-29
2.517310941943054825e+00 4.181155634053885277e-31
2.586149632107021645e+00 3.733049274166142830e-29
2.656870793436760358e+00 2.005906815400090668e-28
2.729525904216955734e+00 4.395920315263603885e-29
2.804167850463722633e+00 5.443703657487997089e-31
2.880850964420566207e+00 5.063156752094570605e-29
2.959631064107114184e+00 2.626042489675917470e-28
3.040565493949318743e+00 5.523703309740309791e-29
3.123713166520774909e+00 7.126908424333632467e-31
3.209134605425437492e+00 6.860578483960710885e-29
3.296891989353077257e+00 3.421278923503932419e-28
3.387049197339445872e+00 6.932965835556453269e-29
3.479671855264172109e+00 9.379026109786248190e-31
3.574827383620121868e+00 9.283894651189659122e-29
3.672585046589139424e+00 4.443102491631626372e-28
3.773016002459780971e+00 8.688392639361841733e-29
3.876193355423780851e+00 1.240004062875033978e-30
3.982192208788983834e+00 1.254086140576271871e-28
4.091089719647373890e+00 5.759026442991711334e-28
4.202965155038129730e+00 1.086568963367912669e-28
4.317899949646487379e+00 1.645748207142866265e-30
4.435977765080479251e+00 1.689995366758304341e-28
4.557284550768589071e+00 7.445448372587768481e-28
4.681908606522798166e+00 1.355085435137169146e-28
4.809940646812448151e+00 2.190492620778042281e-30
4.941473866795749181e+00 2.258212851187585682e-28
5.076604010157031333e+00 9.592763289497882088e-28
5.215429438798995676e+00 1.683744309734354524e-28
5.358051204440863913e+00 2.920186057445102737e-30
5.504573122174413413e+00 3.001943210329155991e-28
5.655101846031537427e+00 1.230399953140632324e-27
5.809746946618180807e+00 2.082087102905865254e-28
5.968620990871370324e+00 3.893213230763578387e-30
6.131839623997239919e+00 3.969046266416002759e-28
6.299521653649735597e+00 1.569062628474688654e-27
6.471789136411347343e+00 2.558894800116088982e-28
6.648767466638628498e+00 5.181653345505346678e-30
6.830585467737418703e+00 5.211853354088962763e-28
7.017375485934014279e+00 1.986469171836810181e-27
7.209273486610703330e+00 3.120866355133100610e-28
7.406419153275556333e+00 6.827252117118115408e-30
7.608955989238801898e+00 6.786313881228483458e-28
7.817031422069585567e+00 2.492732855114906383e-27
8.030796910909211661e+00 3.771095086024940093e-28
8.250408056719074068e+00 8.937050749288720318e-30
8.476024715543269750e+00 8.748150200424210464e-28
8.707811114868666991e+00 3.095543200783243044e-27
8.945935973166884381e+00 4.507753727770183618e-28
9.190572622705369454e+00 1.161084109144862152e-29
9.441899135716713687e+00 1.114846999158242227e-27
9.700098454018380778e+00 3.799052635944347906e-27
9.965358522176957834e+00 5.318584214201381242e-28
1.023787242431390254e+01 1.494800114604492273e-29
1.051783852465253233e+01 1.403044652586444571e-27
1.080546061190819884e+01 4.603506820769029296e-27
1.110094804762718290e+01 6.160629093417083920e-28
1.140451591858196778e+01 1.905094573422866857e-29
1.171638519333406059e+01 1.742891764385961274e-27
1.203678288307796684e+01 5.505993261371845237e-27
1.236594220688385448e+01 7.043656770852918684e-28
1.270410276145883444e+01 2.402804444463544216e-29
1.305151069555068943e+01 2.137390907659768461e-27
1.340841888912061819e+01 6.502233629831073072e-27
1.377508713741591784e+01 7.953068227936506553e-28
1.415178234007621150e+01 1.379664133603258875e-29
1.453877869541099166e+01 1.483500429876512075e-39
1.493635789999004793e+01 8.167000324065754484e-39
1.534480935369162680e+01 6.875340117210542319e-40
1.576443037035815209e+01 3.988694161768563559e-39
1.619552639421239348e+01 7.599316961625290023e-39
1.663841122219195867e+01 3.120531502543872193e-40
1.709340723236345383e+01 1.606534297321011682e-39
1.756084561858320114e+01 4.234170552509895164e-40
1.804106663157486778e+01 9.511702405996623561e-39
1.853441982659961695e+01 1.859779212136939988e-39
1.904126431789926599e+01 1.206891543566878869e-39
1.956196904009711091e+01 5.422701533439564960e-39
2.009691301674742192e+01 5.978959393996833215e-39
2.064648563622847277e+01 8.781957131497120811e-40
2.121108693518046806e+01 2.711959822860193172e-40
2.179112788969393577e+01 3.806094699516787015e-40
2.238703071446143866e+01 1.542004334283747126e-40
2.299922917010970380e+01 2.947400523576520882e-40
2.362816887893607998e+01 4.130961094254932099e-40
2.427430764927943585e+01 2.592777883219542286e-40
2.493811580876081280e+01 1.823716162253705764e-40
2.562007654663744560e+01 2.265064930399329588e-40
2.632068626551850699e+01 4.121966274116875458e-40
2.704045494269926309e+01 1.930007004644921961e-40
2.777990650137575201e+01 5.801689526643461996e-40
2.853957919201129201e+01 3.260818666974401731e-40
2.932002598413161820e+01 4.150110983013016722e-40
3.012181496883408371e+01 3.489126989023628375e-40
3.094552977230424418e+01 1.561056599472207752e-40
3.179176998063987369e+01 1.720384187659930767e-40
3.266115157629293719e+01 2.902834717311077548e-40
3.355430738644611210e+01 1.682037782568673519e-40
3.447188754365114249e+01 6.130559653032300473e-40
3.541455995906314058e+01 3.906495759368133363e-40
3.638301080861667458e+01 3.227608983857842886e-40
3.737794503249654099e+01 2.164173619839637869e-40
3.840008684826751306e+01 3.890460679979434683e-40
3.945018027803543248e+01 3.567757484043400818e-40
4.052898969002492890e+01 2.138191134974968912e-40
4.163730035496674731e+01 1.835078104313902320e-40
4.277591901770014005e+01 2.465973430745510412e-40
4.394567448440680835e+01 1.883441855186362358e-40
4.514741822590246301e+01 1.962775002967093052e-40
4.638202499742708795e+01 2.040407469683116194e-40
4.765039347538336045e+01 2.232837899667652893e-40
4.895344691148812188e+01 2.152553887484555548e-40
5.029213380481127160e+01 2.922799249136236113e-40
5.166742859219334605e+01 2.049849165025743123e-40
5.308033235754285784e+01 2.694392759932101306e-40
5.453187356053010859e+01 2.758093485468520160e-40
5.602310878520854232e+01 2.393413191259626886e-40
5.755512350910688468e+01 2.384830570532059610e-40
5.912903289335404367e+01 2.940002349772630315e-40
6.074598259441022918e+01 2.560558117570241839e-40
6.240714959799642969e+01 2.883752572035671815e-40
6.411374307582750021e+01 2.546132302744813311e-40
6.586700526577466519e+01 2.623241949665561684e-40
6.766821237609659079e+01 2.793737206938416492e-40
6.951867551439752901e+01 2.819386595276051870e-40
7.141974164198964559e+01 2.874194449510272016e-40
7.337279455435198372e+01 3.201112609709503058e-40
7.537925588840265334e+01 2.749870090003677108e-40
7.744058615731509576e+01 3.166223232219909971e-40
7.955828581363350338e+01 3.248454575562996419e-40
8.173389634145874538e+01 3.001037602873389097e-40
8.396900137850296630e+01 3.051183626165473436e-40
8.626522786882711102e+01 2.939166399447431956e-40
8.862424724710145085e+01 2.997699343795031885e-40
9.104777665525193697e+01 2.921095801744158382e-40
9.353758019237520216e+01 2.987600300021831262e-40
9.609547019883581243e+01 2.919242449554303344e-40
9.872330857547743221e+01 2.987971623722944024e-40
1.014230081389105038e+02 3.098106140502997017e-40
1.041965340138597469e+02 2.910056063207909811e-40
1.070459050635890321e+02 3.143616266582643415e-40
1.099731953594417604e+02 2.886729317231483670e-40
1.129805356905674643e+02 2.909546067984978590e-40
1.160701151149347652e+02 2.752830852692985691e-40
1.192441825527561576e+02 2.830140264693165487e-40
1.225050484234890718e+02 2.738883675442320874e-40
1.258550863276012848e+02 2.515424904299083051e-40
1.292967347743274047e+02 2.603736536285103833e-40
1.328324989566704630e+02 2.251922272649702928e-40
1.364649525749452152e+02 2.158721441039845722e-40
1.401967397101869324e+02 2.013743504335927014e-40
1.440305767487922992e+02 1.921336166819309011e-40
1.479692543597887493e+02 1.703332657514484580e-40
1.520156395261775799e+02 1.351753786080525001e-40
1.561726776318247119e+02 1.081189800715846486e-40
1.604433946054200248e+02 7.502775410536508227e-41
1.648308991230670699e+02 3.961654127707577732e-41
1.693383848711020505e+02 8.343576901635764671e-55
