# label=highfre644 transition radiation
# source_module=highfre644v
# source_component=axion_transition
# source_transition_family=bohr
# source_frequency_frame=observer
# source_redshift=0.0000000000000000e+00
# source_luminosity_distance_m=3.0856775814913671e+19
# rate_model=remnant_cloud_effective
# r0_gpc3_yr=1.0000000000000000e+00
# r_eff0_gpc3_yr=1.0000000000000000e+00
# rate_evolution=constant
# z_model=1.0000000000000000e+01
# f_ret=1.0000000000000000e+00
# f_2g=1.0000000000000000e+00
# f_cloud=1.0000000000000000e+00
# f_duty=1.0000000000000000e+00
# remnant_spin=6.9999999999999996e-01
# spin_model=GerosaBerti2017
# kerr_m_omega_h=2.0418368367551071e-01
# cloud_azimuthal_m=4
# superradiant_spin_threshold=2.9339853300733498e-01
# p_superradiant=1.0000000000000000e+00
# nu_cut_hz=2.5786805484241609e+02
# characteristic_mass_msun=5.0500000000000000e-01
# hubble_h0_si=2.1953038906696129e-18
# rho_c_energy_density_si=7.7465150935130668e-10
# omega_gw_formula=f_over_rho_c_H0_integral_R_eff_dE_dnu_over_1plusz_Ez
# single_event_spectrum_frame=local_source_z0
# energy_spectrum_prefactor=two_pi_squared_c_cubed_over_G
# source_angle_average_factor=5.3333333333333333e-01
# single_event_fourier_convention=h_tilde_integral_h_exp_minus_2pi_i_f_t_dt
# columns=frequency_hz omega_gw
3.319252179115289407e-04 2.232874709825708230e-45
3.410708254583654105e-04 2.646642703348802710e-44
3.504684239142597533e-04 5.948447283083577800e-44
3.601249564394035573e-04 9.729516893173158914e-44
3.700475575003877898e-04 1.404313432604675079e-43
3.802435581413092644e-04 1.831944415116208856e-43
3.907204914001133626e-04 2.383578079519842481e-43
4.014860978741745831e-04 3.007524811820125456e-43
4.125483314392261566e-04 3.711524529181181872e-43
4.239153651258647875e-04 4.504071078896523947e-43
4.355955971579739410e-04 5.306272863882651626e-43
4.475976571575203942e-04 6.298607021993485314e-43
4.599304125203178685e-04 7.409790871091101793e-43
4.726029749674609580e-04 8.652063370901036309e-43
4.856247072772724321e-04 1.003882983615164039e-42
4.990052302027376879e-04 1.146099469679081660e-42
5.127544295795365787e-04 1.317354101997776608e-42
5.268824636299242756e-04 1.507830286582395025e-42
5.413997704678578330e-04 1.719446535142580272e-42
5.563170758109128519e-04 1.954300742962590441e-42
5.716454009046886440e-04 2.197326911807165724e-42
5.873960706655555588e-04 2.484542154396182547e-42
6.035807220477619039e-04 2.802449575769769909e-42
6.202113126410814959e-04 3.154033976155685126e-42
6.373001295053532054e-04 3.542554531990297638e-42
6.548597982484413455e-04 3.947239724289724982e-42
6.729032923543247545e-04 4.418727991709664856e-42
6.914439427681993641e-04 4.937075050583815980e-42
7.104954477456871045e-04 5.506291315646108302e-42
7.300718829734192039e-04 6.099085253277916015e-42
7.501877119684745516e-04 6.781925128434676869e-42
7.708577967643564328e-04 7.530367432056964068e-42
7.920974088914016021e-04 8.350232648812052695e-42
8.139222406597358640e-04 9.247827746648053157e-42
8.363484167531105330e-04 1.018543416631277023e-41
8.593925061421870282e-04 1.125648718185226688e-41
8.830715343260702897e-04 1.242728969251444100e-41
9.074029959111360811e-04 1.370652063571122607e-41
9.324048675364455261e-04 1.510356011387291875e-41
9.580956211552960977e-04 1.656639658763681024e-41
9.844942376827222827e-04 1.822609258361417725e-41
1.011620221019029001e-03 2.003506440536777854e-41
1.039493612459717982e-03 2.200030574786123280e-41
1.068135005502453749e-03 2.413354951475221560e-41
1.097565561062011303e-03 2.636158685226983110e-41
1.127807023104439137e-03 2.886581804583948032e-41
1.158881734712004837e-03 3.158052972941677018e-41
1.190812654590764916e-03 3.452217314645436947e-41
1.223623374032987163e-03 3.770834348463117604e-41
1.257338134346933523e-03 4.103821291023680254e-41
1.291981844766891844e-03 4.476359499270225973e-41
1.327580100856687231e-03 4.879391536933115957e-41
1.364159203420268465e-03 5.314369326358850039e-41
1.401746177933341393e-03 5.767242559812967416e-41
1.440368794510408015e-03 6.270307938985658217e-41
1.480055588421960982e-03 6.811550729599147840e-41
1.520835881176991295e-03 7.393640471505313504e-41
1.562739802186389419e-03 8.019414473111415373e-41
1.605798311023239576e-03 8.670757875763705640e-41
1.650043220296465657e-03 9.391839748181027726e-41
1.695507219154702159e-03 1.016525630481178208e-40
1.742223897437790740e-03 1.099249068279806571e-40
1.790227770493717577e-03 1.187694379748720334e-40
1.839554304679340974e-03 1.279371791461252373e-40
1.890239943563745088e-03 1.380211221311428853e-40
1.942322134853579707e-03 1.487929519998267193e-40
1.995839358060281631e-03 1.602956157721628873e-40
2.050831152929614206e-03 1.725525862431525498e-40
2.107338148654535562e-03 1.852128639901726449e-40
2.165402093892972689e-03 1.990636708526448128e-40
2.225065887612681734e-03 2.137958422340302127e-40
2.286373610785986856e-03 2.294622955955092648e-40
2.349370558957804885e-03 2.461151747796509002e-40
2.414103275711031171e-03 2.632840047066017489e-40
2.480619587053998175e-03 2.819918264345743508e-40
2.548968636755423109e-03 3.018301895228204721e-40
2.619200922652945279e-03 3.228658043530106928e-40
2.691368333962080618e-03 3.451639098227026349e-40
2.765524189613159916e-03 3.681305898421878597e-40
2.841723277644564883e-03 3.930862409733513832e-40
2.920021895681396747e-03 4.195035621522709551e-40
3.000477892529426326e-03 4.474664021567343047e-40
3.083150710915124292e-03 4.762750749043610392e-40
3.168101431403301527e-03 5.075169923257401068e-40
3.255392817524822759e-03 5.405539248312972279e-40
3.345089362147737888e-03 5.754856283450893640e-40
3.437257335126081385e-03 6.124027274255516277e-40
3.531964832261556830e-03 6.504584727174188909e-40
3.629281825614264281e-03 6.916297096439369020e-40
3.729280215199659056e-03 7.304090948319521065e-40
3.832033882109918844e-03 7.693974448269269187e-40
3.937618743098995032e-03 8.101359471673226270e-40
4.046112806671619405e-03 8.526799054268193630e-40
4.157596230717787271e-03 8.970816901265935883e-40
4.272151381735225968e-03 9.433940863201525674e-40
4.389862895683646626e-03 9.916674057633768005e-40
4.510817740515721957e-03 1.041946354330851600e-39
4.635105280430993138e-03 1.094271471215066652e-39
4.762817341900182563e-03 1.148679391704720761e-39
4.894048281508681618e-03 1.205202600271998832e-39
5.028895055669353915e-03 1.263866883861292671e-39
5.167457292256141463e-03 1.324691228166186947e-39
5.309837364211413176e-03 1.387684959666506797e-39
5.456140465181433252e-03 1.452850524915691055e-39
5.606474687235821382e-03 1.520182962569136749e-39
5.760951100728447551e-03 1.589664332909801399e-39
5.919683836358740313e-03 1.661264340602572792e-39
6.082790169494050117e-03 1.734937008053669360e-39
6.250390606815372889e-03 1.810624871509616985e-39
6.422608975350428684e-03 1.888255483758398811e-39
6.599572513959901278e-03 1.967735921758346774e-39
6.781411967344408778e-03 2.048949331690041396e-39
6.968261682641674858e-03 2.131759311758090248e-39
7.160259708685255860e-03 2.216005066670129038e-39
7.357547897998172222e-03 2.301518749656782073e-39
7.560272011596790194e-03 2.388363583168245686e-39
7.768581826682376297e-03 2.476452022189006361e-39
7.982631247299944860e-03 2.565585544186467298e-39
8.202578418046030384e-03 2.655536985851908327e-39
8.428585840909559590e-03 2.746050853189714772e-39
8.660820495332012883e-03 2.836835882673684921e-39
8.899453961575654048e-03 2.927558921512717974e-39
9.144662547490942789e-03 3.017856198768248906e-39
9.396627418776792168e-03 3.107327127713075146e-39
9.655534732829916880e-03 3.195523391546116929e-39
9.921575776282203635e-03 3.281948962770050188e-39
1.019494710632758497e-02 3.366049938530468977e-39
1.047585069594300297e-02 3.447224735097635918e-39
1.076449408311066537e-02 3.524825623312258883e-39
1.106109052415183217e-02 3.598233498648104192e-39
1.136585915128545191e-02 3.667887913167922644e-39
1.167902513452804755e-02 3.733502052401880511e-39
1.200081984805445937e-02 3.794447016298177680e-39
1.233148104114236560e-02 3.850055545447720389e-39
1.267125301382689487e-02 3.899599697873104459e-39
1.302038679739502859e-02 3.942298779569745052e-39
1.337914033985327343e-02 3.977301948207657137e-39
1.374777869650552382e-02 4.003718008761842912e-39
1.412657422578197410e-02 4.020603906745546466e-39
1.451580679046373529e-02 4.026942384116781479e-39
1.491576396445185200e-02 4.022809512979287407e-39
1.532674124523344950e-02 4.009867405212705213e-39
1.574904227220205385e-02 3.987523802083695178e-39
1.618297905099325834e-02 3.955084114774558973e-39
1.662887218400163625e-02 3.911781634112073740e-39
1.708705110724910090e-02 3.856798364448571424e-39
1.755785433377975505e-02 3.789290541741338796e-39
1.804162970376104597e-02 3.708398234006749727e-39
1.853873464147604011e-02 3.614324127670237792e-39
1.904953641939661005e-02 3.511135138421190579e-39
1.957441242953273167e-02 3.399067907185787941e-39
2.011375046225834240e-02 3.277687138500446289e-39
2.066794899281966524e-02 3.146604153608511984e-39
2.123741747573783603e-02 3.005446822474545722e-39
2.182257664732327115e-02 2.853765679551227662e-39
2.242385883652521505e-02 2.694337908261932250e-39
2.304170828434626631e-02 2.532249126047987517e-39
2.367658147205774916e-02 2.367449745155041784e-39
2.432894745845848999e-02 2.199826152683634593e-39
2.499928822642620563e-02 2.029196744602155676e-39
2.568809903901738204e-02 1.855632854385939476e-39
2.639588880537896767e-02 1.685000974155914953e-39
2.712318045674206105e-02 1.520040779442674349e-39
2.787051133277542239e-02 1.360336547519476787e-39
2.863843357858429639e-02 1.205440289805224121e-39
2.942751455264781824e-02 1.055396886172685269e-39
3.023833724599638353e-02 9.155199533414462484e-40
3.107150071293873425e-02 7.869538827549479530e-40
3.192762051365700959e-02 6.685606122947434905e-40
3.280732916899653517e-02 5.593289425448196903e-40
3.371127662778677925e-02 4.611796094963095060e-40
3.464013074703828354e-02 3.759529779158976411e-40
3.559457778537074291e-02 3.018502874417458414e-40
3.657532291003647712e-02 2.373038468183716903e-40
3.758309071791412354e-02 1.831567328562606702e-40
3.861862577085731218e-02 1.391777087224896860e-40
3.968269314579398604e-02 1.033792100945180402e-40
4.077607899998269420e-02 7.453533860189894060e-41
4.189959115184347521e-02 5.271206193916335174e-41
4.305405967779259158e-02 3.633100668335634592e-41
4.424033752552184590e-02 2.407776730752242915e-41
4.545930114417599810e-02 1.555434826666595053e-41
4.671185113189311316e-02 9.760899743208492037e-42
4.799891290118721981e-02 5.854303368404133966e-42
4.932143736266410283e-02 3.459982599901269130e-42
5.068040162757582456e-02 2.034550318844699198e-42
5.207680972973274119e-02 1.219800587611459125e-42
5.351169336730665638e-02 8.202175234282932427e-43
5.498611266507294482e-02 6.384681330699893706e-43
5.650115695765492441e-02 5.875598381587606869e-43
5.805794559434913904e-02 6.020002707141100805e-43
5.965762876612618060e-02 6.408167610385463165e-43
6.130138835541799891e-02 6.878347909479199348e-43
6.299043880931962103e-02 7.448419021596834075e-43
6.472602803685038875e-02 8.174401064261421653e-43
6.650943833093761470e-02 8.879078374532526386e-43
6.834198731580386210e-02 9.646691668941599510e-43
7.022502892045767720e-02 1.049897780028527724e-42
7.215995437900758758e-02 1.140407257159199675e-42
7.414819325853716503e-02 1.262744335735655407e-42
7.619121451530203037e-02 1.385680540420272476e-42
7.829052758002828794e-02 1.508857491327701387e-42
8.044768347311430368e-02 1.628547570811877559e-42
8.266427595056001498e-02 4.043444118032630539e-42
8.494194268147023386e-02 6.638813825446995478e-39
8.728236645800192817e-02 2.166110144910067353e-37
8.968727643864947419e-02 4.926843765012849823e-37
9.215844942578643728e-02 5.391859583217631799e-37
9.469771117840768138e-02 5.769901184780127589e-37
9.730693776104179515e-02 6.174635916119361780e-37
9.998805692983038507e-02 6.608225455440991681e-37
1.027430495567982771e-01 7.072250624784157858e-37
1.055739510933669661e-01 7.568175074669395517e-37
1.084828530741926422e-01 8.099016738547121150e-37
1.114719046624395304e-01 8.667526112531574447e-37
1.145433142376311719e-01 9.275806489944405599e-37
1.176993510272509175e-01 9.926261036428679488e-37
1.209423467832994731e-01 1.062234710574123197e-36
1.242746975050462999e-01 1.136753057044702969e-36
1.276988652092486132e-01 1.216483797769517320e-36
1.312173797491454907e-01 1.301761614588755917e-36
1.348328406835712368e-01 1.393005894077897527e-36
1.385479191975687585e-01 1.490650578304911687e-36
1.423653600759219873e-01 1.595119880378276627e-36
1.462879837310655518e-01 1.706857146354601801e-36
1.503186882868698115e-01 1.826392124149371236e-36
1.544604517198409632e-01 1.953979029056910655e-36
1.587163340593180094e-01 2.090545804648292225e-36
1.630894796482922626e-01 2.236745219424718229e-36
1.675831194665196588e-01 2.392584477761147540e-36
1.722005735176424246e-01 2.559395985711606644e-36
1.769452532820832980e-01 2.738009173601430406e-36
1.818206642375257975e-01 2.928674852328047501e-36
1.868304084488401351e-01 3.132304539577916202e-36
1.919781872293715996e-01 3.350150876967278144e-36
1.972678038755551477e-01 3.583298329599555536e-36
2.027031664768775832e-01 3.831838054586616093e-36
2.082882908032633595e-01 4.097439654135424994e-36
2.140273032720168833e-01 4.381371945762607184e-36
2.199244439965138687e-01 4.684878388444007724e-36
2.259840699188938595e-01 5.008561703214511401e-36
2.322106580290685118e-01 5.354184411918918986e-36
2.386088086724238444e-01 5.723294369553788465e-36
2.451832489486604760e-01 6.117439499357423367e-36
2.519388362042827012e-01 6.537695467995548917e-36
2.588805616213168959e-01 6.986008475373132850e-36
2.660135539049108822e-01 7.464233977257210755e-36
2.733430830725379623e-01 7.974271742706774755e-36
2.808745643476063258e-01 8.517680046873165011e-36
2.886135621603502233e-01 9.096644200079855937e-36
2.965657942589567941e-01 9.713357851378741398e-36
3.047371359339698937e-01 1.036927990613517411e-35
3.131336243590882029e-01 1.113319818428296465e-35
3.217614630515676089e-01 1.221483095357493982e-35
3.306270264555205007e-01 1.303140747177061911e-35
3.397368646515013246e-01 1.389962474331716776e-35
3.490977081958550610e-01 1.482271808843499239e-35
3.587164730934058743e-01 1.580008191682090289e-35
3.686002659071596077e-01 1.683802558985967046e-35
3.787563890087943808e-01 1.794025116747121828e-35
3.891923459738196867e-01 1.910767934213842076e-35
3.999158471253889124e-01 2.034246593980523555e-35
4.109348152308623381e-01 2.164925716306669024e-35
4.222573913553282487e-01 2.303271549672649730e-35
4.338919408764077001e-01 2.449267438087262476e-35
4.458470596647858275e-01 2.603330593798097725e-35
4.581315804350393761e-01 2.766058889591767340e-35
4.707545792714447064e-01 2.938106535298010030e-35
4.837253823335979641e-01 2.137923950044387070e-32
4.970535727467941811e-01 2.972957387902656795e-26
5.107489976822588984e-01 3.235023566842495791e-26
5.248217756324629057e-01 3.468138581543922190e-26
5.392823038868954644e-01 3.688537042265645032e-26
5.541412662138192058e-01 3.907064795068727595e-26
5.694096407536813897e-01 4.185277908661600640e-26
5.850987081300152992e-01 4.550558647718763226e-26
6.012200597838218696e-01 4.861239152680374049e-26
6.177856065375908479e-01 5.193800666444815562e-26
6.348075873952884196e-01 5.463337862551125432e-26
6.522985785848124385e-01 5.929186300289573513e-26
6.702715028495968008e-01 6.364866424484501703e-26
6.887396389962290311e-01 6.850896527814974220e-26
7.077166317051349909e-01 7.221077923235657901e-26
7.272165016115827996e-01 7.689554113828842422e-26
7.472536556644442385e-01 8.293086523001548586e-26
7.678428977703797287e-01 8.950882271946932934e-26
7.889994397313020436e-01 9.598709438820893354e-26
8.107389124832026228e-01 1.009697561982360704e-25
8.330773776446435130e-01 1.085112198898569013e-25
8.560313393834479978e-01 1.162091304387746913e-25
8.796177566103562384e-01 1.264991500882122735e-25
9.038540555086558292e-01 1.336183951732243869e-25
9.287581424090430859e-01 1.420220078437675345e-25
9.543484170192294558e-01 1.511581681642650511e-25
9.806437860180647892e-01 1.637334087351549864e-25
1.007663677024223770e+00 1.763964215118299650e-25
1.035428052949773470e+00 1.869471660949961353e-25
1.063957426749228663e+00 1.987208420668208759e-25
1.093272876574990393e+00 2.117196969000924152e-25
1.123396061350365072e+00 2.309053733107191071e-25
1.154349236771675447e+00 2.459804473358066743e-25
1.186155271751270890e+00 2.627822507210264689e-25
1.218837665313605489e+00 2.761891154177413404e-25
1.252420563956852861e+00 2.980737698670054019e-25
1.286928779492889419e+00 3.211427728574277526e-25
1.322387807378828217e+00 3.443450779235345883e-25
1.358823845553643439e+00 3.643179330800810565e-25
1.396263813793806152e+00 3.856719995611309078e-25
1.434735373602229469e+00 4.169334435294723336e-25
1.474266948645217568e+00 4.478338366853278831e-25
1.514887745752519610e+00 4.819044703674881658e-25
1.556627776496001925e+00 5.044702830886315128e-25
1.599517879362882145e+00 5.405900338837833572e-25
1.643589742539906862e+00 5.778970192536416971e-25
1.688875927325307780e+00 6.258750737748229069e-25
1.735409892185831415e+00 6.630420870266223123e-25
1.783226017476616576e+00 7.002311121790297913e-25
1.832359630842191445e+00 7.459043086115387908e-25
1.882847033317334162e+00 8.022272726026208429e-25
1.934725526147111685e+00 8.661735219105595679e-25
1.988033438345890191e+00 9.122065051954051455e-25
2.042810155015684082e+00 9.700262425709426055e-25
2.099096146444769495e+00 1.024709032575483137e-24
2.156932998008055602e+00 1.112890213039088719e-24
2.216363440891310876e+00 1.182073511140572994e-24
2.277431383661934206e+00 1.253013788664860154e-24
2.340181944709610828e+00 1.315258063210766365e-24
2.404661485580805724e+00 1.404993005452924243e-24
2.470917645231732074e+00 1.511889780798841185e-24
2.538999375225100330e+00 1.606550903800752209e-24
2.608956975896649766e+00 1.696858694348057802e-24
2.680842133518182901e+00 1.775585755044185593e-24
2.754707958484564401e+00 1.910384429436284318e-24
2.830609024552888986e+00 2.030534155906549370e-24
2.908601409162829388e+00 2.167827919711056630e-24
2.988742734867912976e+00 2.252291982332893082e-24
3.071092211908389658e+00 2.379698496585500402e-24
3.155710681957105024e+00 2.528416149721557467e-24
3.242660663070718208e+00 2.700971352492823836e-24
3.332006395879467231e+00 2.845528197327258090e-24
3.423813891049614089e+00 2.959266040568146366e-24
3.518150978053629974e+00 3.125470004530504988e-24
3.615087355284158477e+00 3.305198791552305060e-24
3.714694641548777820e+00 3.537601476986541029e-24
3.817046428983610795e+00 3.667116336661056264e-24
3.922218337424873802e+00 3.839558604815375734e-24
4.030288070278538193e+00 3.999845142952399596e-24
4.141335471929378897e+00 4.261713146079844741e-24
4.255442586731827959e+00 4.479831534019981601e-24
4.372693719626218112e+00 4.658339531759554797e-24
4.493175498425191705e+00 4.829213856378457505e-24
4.616976937816310134e+00 5.048124358029208338e-24
4.744189505128136197e+00 5.363567112641529725e-24
4.874907187908378958e+00 5.584297815812880236e-24
5.009226563364044260e+00 5.821220819581727438e-24
5.147246869714876105e+00 5.957782041950147986e-24
5.289070079512819156e+00 6.286005586891507988e-24
5.434800974981666144e+00 8.862864587267095591e-29
5.584547225432556772e+00 5.707340670310120437e-33
5.738419466812511693e+00 6.347972151789384202e-33
5.896531383444835406e+00 4.464501758539911468e-33
6.058999792021627862e+00 3.114901644089114322e-33
6.225944727910660781e+00 4.957665440120315129e-33
6.397489533840239773e+00 7.789112080734387903e-33
6.573760951027624699e+00 8.000959511666447178e-33
6.754889212818332211e+00 5.204977760959100226e-33
6.941008140905505996e+00 4.145219563147036523e-33
7.132255244200437438e+00 7.100837406821805825e-33
7.328771820427283146e+00 1.044115895938031989e-32
7.530703060517052627e+00 9.597833294551108980e-33
7.738198155877979545e+00 5.991594660436577289e-33
7.951410408621538473e+00 5.546197964252089927e-33
8.170497344825541575e+00 9.826498099778582118e-33
8.395620830918003819e+00 1.319396387123931142e-32
8.626947193267751501e+00 1.117448429029635260e-32
8.864647341070135411e+00 6.740532151505183871e-33
9.108896892618654206e+00 7.603805554845492487e-33
9.359876305055742307e+00 1.322729572877012470e-32
9.617771007698642904e+00 1.641635002006307426e-32
9.882771539038802899e+00 4.033312057336530045e-34
1.015507368751606876e+01 9.186089505726714198e-34
1.043487863617164635e+01 2.118262884896100961e-33
1.072239311128673300e+01 1.814197644602087575e-33
1.101782953511660068e+01 9.186155664028850338e-34
1.132140618283300704e+01 5.323045029944503829e-34
1.163334734379088431e+01 1.444424513432795740e-33
1.195388348723841787e+01 2.797984974988787923e-33
1.228325143259299779e+01 2.032281301102135329e-33
1.262169452440880058e+01 9.789820323640403754e-34
1.296946281216530750e+01 7.096572646090258640e-34
1.332681323500955450e+01 2.080594241325200988e-33
1.369400981158864816e+01 3.367801444762076359e-33
1.407132383511276430e+01 2.202892128819036394e-33
1.445903407379272565e+01 8.361003668745228362e-34
1.485742697680044699e+01 4.340160129372207708e-34
1.526679688590393269e+01 4.304096827353465051e-34
1.568744625293382100e+01 6.854161809138408345e-34
1.611968586324165642e+01 1.145437703385472035e-33
1.656383506531521022e+01 9.244369257244609734e-34
1.702022200672042374e+01 4.282848580159110288e-34
1.748918387654431683e+01 6.150209540375361013e-34
1.797106715451799275e+01 9.131855528706906852e-34
1.846622786700375585e+01 1.428865966703546417e-33
1.897503185003551707e+01 3.134425735458273902e-34
1.949785501960680634e+01 5.085617367570336065e-34
2.003508364940608999e+01 8.322835544272799149e-34
2.058711465620457659e+01 5.088807627875537546e-34
2.115435589310739317e+01 9.478071809674256546e-35
2.173722645088475858e+01 3.661028553021090864e-34
2.233615696760582736e+01 6.449772214475630486e-34
2.295158994680389242e+01 1.077446192086404355e-33
2.358398008440812177e+01 7.560152509325160422e-35
2.423379460468326840e+01 2.471957410025278391e-34
2.490151360542562742e+01 1.631509231877703558e-34
2.558763041267024363e+01 1.882198611186629131e-34
2.629265194517143556e+01 5.883293839393002609e-34
2.701709908892595635e+01 5.545058556849969298e-34
2.776150708201543793e+01 2.399890209910366116e-34
2.852642591005250239e+01 4.877497631604365456e-34
2.931242071252269454e+01 2.578952909390811604e-34
3.012007220032241506e+01 1.347974187484896892e-34
3.094997708480139309e+01 1.798743580393092300e-34
3.180274851862665031e+01 1.228386639254222206e-34
3.267901654879366902e+01 3.018000958342002819e-34
3.357942858211950465e+01 2.258555750174472648e-34
3.450464986356170982e+01 4.285668333609743567e-34
3.545536396771649379e+01 1.772747116821604991e-34
3.643227330385914087e+01 2.039232680572237501e-34
3.743609963490034431e+01 2.006739142619195737e-34
3.846758461064064250e+01 2.183873183643932768e-34
3.952749031571851646e+01 1.545432896238506656e-34
4.061659983265583662e+01 1.652148935643601743e-34
4.173571782041711486e+01 1.740850776112077935e-34
4.288567110890988943e+01 1.958009989137661863e-34
4.406730930986554284e+01 2.753630619391842558e-34
4.528150544455183280e+01 2.328958093444781133e-34
4.652915658878092131e+01 2.043670008690941261e-34
4.781118453568947047e+01 2.535067921982447206e-34
4.912853647678043245e+01 2.003407494635918847e-34
5.048218570172974751e+01 1.471960010162115978e-34
5.187313231747497611e+01 1.598119633344293715e-34
5.330240398711712402e+01 1.691701570550618814e-34
5.477105668918159154e+01 1.415951404178504855e-34
5.628017549779919904e+01 1.568652467962599523e-34
5.783087538438372377e+01 9.398472376512195451e-35
5.942430204139823502e+01 1.471247030483553866e-34
6.106163272881878612e+01 1.840208538005504471e-34
6.274407714392101099e+01 9.797639627274993658e-35
6.447287831503203392e+01 2.037383468033843102e-34
6.624931351990818484e+01 7.525345080076128947e-35
6.807469522941691764e+01 1.016938928999502553e-34
6.995037207722029393e+01 2.088942050370664744e-34
7.187772985617627342e+01 1.149660336775005509e-34
7.385819254219410368e+01 7.153212043900699038e-35
7.589322334630020350e+01 1.592643131557279298e-34
7.798432579569188761e+01 7.519588119840221164e-35
8.013304484457756871e+01 9.745183228346522411e-35
8.234096801562415635e+01 8.377782248342270566e-35
8.460972657285505250e+01 1.018548707478243324e-34
8.694099672686523661e+01 1.111136115324961575e-34
8.933650087324387812e+01 6.887149643791153489e-35
9.179800886511935687e+01 1.068103663809554379e-34
9.432733932076786232e+01 8.408245130915090466e-35
9.692636096724895367e+01 7.787772249002420848e-35
9.959699402106453192e+01 8.927672938102651034e-35
1.023412116068583799e+02 5.349350255095321322e-35
1.051610412152057137e+02 1.122784829442183237e-34
1.080585662005694729e+02 1.226378470019372982e-34
1.110359273205301349e+02 5.407653933747230235e-35
1.140953243174262610e+02 1.004925315230948724e-34
1.172390175435743629e+02 9.333876331654815713e-35
1.204693296312687494e+02 5.401081203490391151e-35
1.237886472087952825e+02 6.497582861184687982e-35
1.271994226637267786e+02 7.402821939473347810e-35
1.307041759548029916e+02 7.117468433782041147e-35
1.343054964737335411e+02 7.683933216255539046e-35
1.380060449582996966e+02 4.092456651333200894e-35
1.418085554581680299e+02 7.539053642080739566e-35
1.457158373548688814e+02 5.821301280199552032e-35
1.497307774374313567e+02 5.684288621276959392e-35
1.538563420352090816e+02 6.562063635376027033e-35
1.580955792094719641e+02 8.920657154112902015e-35
1.624516210053834016e+02 6.215698924254856496e-35
1.669276857660267126e+02 4.961726942840102820e-35
1.715270805101905296e+02 6.796258157404068584e-35
1.762532033756696705e+02 4.563471047857014319e-35
1.811095461298868941e+02 6.423318065393508003e-35
1.860996967496903665e+02 5.247763849893105869e-35
1.912273420722328581e+02 3.457427837970882355e-35
1.964962705188910945e+02 4.210831974365918555e-35
2.019103748942380037e+02 3.416648684415800588e-35
2.074736552621355656e+02 2.756839832068330458e-35
2.131902219010731301e+02 3.630926237479977977e-35
2.190642983409352098e+02 3.144680369565879138e-35
2.251002244834414796e+02 2.545694101195777445e-35
2.313024598085649188e+02 2.074607988691715865e-35
2.376755866692992356e+02 1.748699464166229889e-35
2.442243136772028436e+02 1.116208655683471150e-35
2.509534791812306764e+02 5.963077109100265896e-36
2.578680548424160861e+02 0.000000000000000000e+00
