# label=highfre644 transition radiation
# source_module=highfre644
# source_component=axion_transition
# source_transition_family=bohr
# source_frequency_frame=observer
# source_redshift=0.0000000000000000e+00
# source_luminosity_distance_m=3.0856775814913671e+19
# rate_model=remnant_cloud_effective
# r0_gpc3_yr=1.0000000000000000e+00
# r_eff0_gpc3_yr=1.0000000000000000e+00
# rate_evolution=constant
# z_model=1.0000000000000000e+01
# f_ret=1.0000000000000000e+00
# f_2g=1.0000000000000000e+00
# f_cloud=1.0000000000000000e+00
# f_duty=1.0000000000000000e+00
# remnant_spin=6.9999999999999996e-01
# spin_model=GerosaBerti2017
# kerr_m_omega_h=2.0418368367551071e-01
# cloud_azimuthal_m=4
# superradiant_spin_threshold=2.9339853300733498e-01
# p_superradiant=1.0000000000000000e+00
# nu_cut_hz=3.3314355737104864e+02
# characteristic_mass_msun=5.0500000000000000e-01
# hubble_h0_si=2.1953038906696129e-18
# rho_c_energy_density_si=7.7465150935130668e-10
# omega_gw_formula=f_over_rho_c_H0_integral_R_eff_dE_dnu_over_1plusz_Ez
# single_event_spectrum_frame=local_source_z0
# energy_spectrum_prefactor=two_pi_squared_c_cubed_over_G
# source_angle_average_factor=5.3333333333333333e-01
# single_event_fourier_convention=h_tilde_integral_h_exp_minus_2pi_i_f_t_dt
# columns=frequency_hz omega_gw
4.372513563008577331e-04 7.317725123593554830e-42
4.492815046139823237e-04 8.672798145566489562e-41
4.616426398213732468e-04 1.949035386758884613e-40
4.743438684046236641e-04 3.187568804243952522e-40
4.873945473930325293e-04 4.600282748994919700e-40
5.008042912569532186e-04 6.000465668062724759e-40
5.145829789907997503e-04 7.806461645898349132e-40
5.287407613909281528e-04 9.848866504891156960e-40
5.432880685337575059e-04 1.215294553708792677e-39
5.582356174596320598e-04 1.474642127413151435e-39
5.735944200680960546e-04 1.737093389613701706e-39
5.893757912303890971e-04 2.061722860464831856e-39
6.055913571251422258e-04 2.425179614961186766e-39
6.222530638034151542e-04 2.831456113941017863e-39
6.393731859893838796e-04 3.247063537295517911e-39
6.569643361231638145e-04 3.749875312954303114e-39
6.750394736524275002e-04 4.309721721933432171e-39
6.936119145796652667e-04 4.932321169623386998e-39
7.126953412721196736e-04 5.623927936028618041e-39
7.323038125416225395e-04 6.338302548530332716e-39
7.524517740017595043e-04 7.185386253045802731e-39
7.731540687099923035e-04 8.123702280738600196e-39
7.944259481025785132e-04 9.162154725995184498e-39
8.162830832303486156e-04 1.031046772899194269e-38
8.387415763036072105e-04 1.150489720896334856e-38
8.618179725546769483e-04 1.290059901695488852e-38
8.855292724268159403e-04 1.444004456887235985e-38
9.098929440984890923e-04 1.613242409600680059e-38
9.349269363522232828e-04 1.789333403516513818e-38
9.606496917975226391e-04 1.992561877513971278e-38
9.870801604575896952e-04 2.215428678193985864e-38
1.014237813729857666e-03 2.459683188470195569e-38
1.042142658730621941e-03 2.727218926191658031e-38
1.070815253034336457e-03 3.006477619841955120e-38
1.100276719818433450e-03 3.325965395523476447e-38
1.130548763424825192e-03 3.675349400931210999e-38
1.161653685349555657e-03 4.057237549214371750e-38
1.193614400672361351e-03 4.474448754690014090e-38
1.226454454938287215e-03 4.911044256730928101e-38
1.260198041503740683e-03 5.407005017523346657e-38
1.294870019359808944e-03 5.948123175528876785e-38
1.330495931445942409e-03 6.537939282056252391e-38
1.367102023467507916e-03 7.153947916504148655e-38
1.404715263231069928e-03 7.847747632664624630e-38
1.443363360511646602e-03 8.600465606907754560e-38
1.483074787466575261e-03 9.416746779266289729e-38
1.523878799611027993e-03 1.030156187215433068e-37
1.565805457370627891e-03 1.122592221889283399e-37
1.608885648227044093e-03 1.226192197307828457e-37
1.653151109472891312e-03 1.338352456348442488e-37
1.698634451592659399e-03 1.459732186862867244e-37
1.745369182286972062e-03 1.586592711250370105e-37
1.793389731157770881e-03 1.728039296294818859e-37
1.842731475072723578e-03 1.880332910893364559e-37
1.893430764227436742e-03 2.044235328431519980e-37
1.945524948924752919e-03 2.220562011526682508e-37
1.999052407090817080e-03 2.404090388014158161e-37
2.054052572548197442e-03 2.607540324624298825e-37
2.110565964066890565e-03 2.826167109397705306e-37
2.168634215214606132e-03 3.061011457591141286e-37
2.228300105028329682e-03 3.312944781507328854e-37
2.289607589529754801e-03 3.574142540982037100e-37
2.352601834107800795e-03 3.861719414757978679e-37
2.417329246792076104e-03 4.169083044825814711e-37
2.483837512441809062e-03 4.497491087444856288e-37
2.552175627875386509e-03 4.837814818276463428e-37
2.622393937966475096e-03 5.211767497698283018e-37
2.694544172733199811e-03 5.610333416091262650e-37
2.768679485447796997e-03 6.034366571970017960e-37
2.844854491794775002e-03 6.485425757311971097e-37
2.923125310106431361e-03 6.951306976274561803e-37
3.003549602705382886e-03 7.460648343216132847e-37
3.086186618384552643e-03 8.002087476176383424e-37
3.171097236055914724e-03 8.576542927173985509e-37
3.258344009600153395e-03 9.185677262433335213e-37
3.347991213950274846e-03 9.813589793290010526e-37
3.440104892443124861e-03 1.049747738577604950e-36
3.534752905473691198e-03 1.122242671458015424e-36
3.632004980488035689e-03 1.198992030571850241e-36
3.731932763351711573e-03 1.278041128931448183e-36
3.834609871131423181e-03 1.363921067190714403e-36
3.940111946328970528e-03 1.454819782163158227e-36
4.048516712607241712e-03 1.550972761851654212e-36
4.159904032049463636e-03 1.652641362677928723e-36
4.274355963993812374e-03 1.757406994361591985e-36
4.391956825486745611e-03 1.870946647096273217e-36
4.512793253399597498e-03 1.990937959772656541e-36
4.636954268254198791e-03 2.117716186729242692e-36
4.764531339804529801e-03 2.248418589689402112e-36
4.895618454422735570e-03 2.377828528334747494e-36
5.030312184339158846e-03 2.504697168108373304e-36
5.168711758787310206e-03 2.637259740809148956e-36
5.310919137106385156e-03 2.775703961040657333e-36
5.457039083854904257e-03 2.920194870368835202e-36
5.607179245991127971e-03 3.070907678581586126e-36
5.761450232176773892e-03 3.228003869460428356e-36
5.919965694262801885e-03 3.391634923992652823e-36
6.082842411016970222e-03 3.561939207592935313e-36
6.250200374155105362e-03 3.739034371987209529e-36
6.422162876739309113e-03 3.923024024278692114e-36
6.598856604008292333e-03 4.114000701712712120e-36
6.780411726706731326e-03 4.312029056256193896e-36
6.966961996982407902e-03 4.517147056242302797e-36
7.158644846921772761e-03 4.729362490455826976e-36
7.355601489796528662e-03 4.948658377454034185e-36
7.557977024095865505e-03 5.174989143010768832e-36
7.765920540420824351e-03 5.408264594996029867e-36
7.979585231319859945e-03 5.648339003203964846e-36
8.199128504146077287e-03 5.895031974120592261e-36
8.424712097019783699e-03 6.148109262039459274e-36
8.656502197981261540e-03 6.407282020823984241e-36
8.894669567422075485e-03 6.672189790237481759e-36
9.139389663884616918e-03 6.942388759145245447e-36
9.390842773322928203e-03 7.217368100459781190e-36
9.649214141919841906e-03 7.496556039778474162e-36
9.914694112558339323e-03 7.780031834239020914e-36
1.018747826504766939e-02 8.067676756698199262e-36
1.046776756020752208e-02 8.358847949173436287e-36
1.075576848791639194e-02 8.652824309223783924e-36
1.105169321923325614e-02 8.948789523223260826e-36
1.135575976270453147e-02 9.245811670686956706e-36
1.166819212497158080e-02 9.542823252914937165e-36
1.198922047579699564e-02 9.838658296004653414e-36
1.231908131763129015e-02 1.013203995722303396e-35
1.265801765984488764e-02 1.042152298035639863e-35
1.300627919775376902e-02 1.070551971363104370e-35
1.336412249657071942e-02 1.098224425370525013e-35
1.373181118041756632e-02 1.124978527889332019e-35
1.410961612653780124e-02 1.150605405704928227e-35
1.449781566485258168e-02 1.174882090496607220e-35
1.489669578300711721e-02 1.197900020837529622e-35
1.530655033705855331e-02 1.219634600285749185e-35
1.572768126796049784e-02 1.239883755507115274e-35
1.616039882400377437e-02 1.258432362471751639e-35
1.660502178937713416e-02 1.275046682171850790e-35
1.706187771901642933e-02 1.289472710252198236e-35
1.753130317991524745e-02 1.301436998008433517e-35
1.801364399907469036e-02 1.310657400778914934e-35
1.850925551827507440e-02 1.316825881614175316e-35
1.901850285585715214e-02 1.319615443467687140e-35
1.954176117570583654e-02 1.318879032263195015e-35
2.007941596363436651e-02 1.315230471611207500e-35
2.063186331137280283e-02 1.308566049650325837e-35
2.119951020836984348e-02 1.298651440194372492e-35
2.178277484162305030e-02 1.285232009528164624e-35
2.238208690375835183e-02 1.268046030299577854e-35
2.299788790958572429e-02 1.246826138086522535e-35
2.363063152136440567e-02 1.221307905934747451e-35
2.428078388301701737e-02 1.191325511943738930e-35
2.494882396353911153e-02 1.158161541919314521e-35
2.563524390985689322e-02 1.122110851490372549e-35
2.634054940939319772e-02 1.083053686675803026e-35
2.706526006260876263e-02 1.040866742743182490e-35
2.780990976579328713e-02 9.954056500859965755e-36
2.857504710438831669e-02 9.465382458148203883e-36
2.936123575713152356e-02 8.946925433500003785e-36
3.016905491132042608e-02 8.418378541875074027e-36
3.099909968950119443e-02 7.881118616005014795e-36
3.185198158789703804e-02 7.334638723448132878e-36
3.272832892689913481e-02 6.778567175727480148e-36
3.362878731395194110e-02 6.212293571871975053e-36
3.455402011917391852e-02 5.649600758975021179e-36
3.550470896406415777e-02 5.105500315949142727e-36
3.648155422365467054e-02 4.578840813778928382e-36
3.748527554247862992e-02 4.068383936889121114e-36
3.851661236473442190e-02 3.572996495029969619e-36
3.957632447903615402e-02 3.105861373669183080e-36
4.066519257815201516e-02 2.676571119455664912e-36
4.178401883414269158e-02 2.281431325026350066e-36
4.293362748932376405e-02 1.916988853353199030e-36
4.411486546348711985e-02 1.585356975514219524e-36
4.532860297782916048e-02 1.296673929414778478e-36
4.657573419604502107e-02 1.045728120622877704e-36
4.785717788306141640e-02 8.271120161402204150e-37
4.917387808189321863e-02 6.406834632185204320e-37
5.052680480912249278e-02 4.890544497060365010e-37
5.191695476951233013e-02 3.656651516682983490e-37
5.334535209028191949e-02 2.653551490919198609e-37
5.481304907558377792e-02 1.884599010712116261e-37
5.632112698173927234e-02 1.307000883925033241e-37
5.787069681380274666e-02 8.725176001917444088e-38
5.946290014404213148e-02 5.634363011623978915e-38
6.109890995293826982e-02 3.531016925645376942e-38
6.277993149332279643e-02 2.097151919202780531e-38
6.450720317829114481e-02 1.190582158861635169e-38
6.628199749354476977e-02 6.459237023775594562e-39
6.810562193483488125e-02 3.218811419078940390e-39
6.997941997119799806e-02 1.517119971028461342e-39
7.190477203469322620e-02 6.537269576677379668e-40
7.388309653737031024e-02 2.496429499269262236e-40
7.591585091621755321e-02 9.068453956832917524e-41
7.800453270685962781e-02 3.080055505621420135e-41
8.015068064679597981e-02 1.530427699015539796e-41
8.235587580899324245e-02 7.276836605042000528e-41
8.462174276666541151e-02 1.038898989805302755e-38
8.694995079010171823e-02 1.359486697603015024e-37
8.934221507642237103e-02 3.400557218210340731e-37
9.180029801316895444e-02 4.029670104089607643e-37
9.432601047666003269e-02 4.326934727766597316e-37
9.692121316606867876e-02 4.629244466168497531e-37
9.958781797420449000e-02 4.944203472934050574e-37
1.023277893960101853e-01 5.286040339286246957e-37
1.051431459758103842e-01 5.666562404860654739e-37
1.080359617943785489e-01 6.073083736599644979e-37
1.110083679969179615e-01 6.490883112639420427e-37
1.140625543630820471e-01 6.932790530621328087e-37
1.172007709201910303e-01 7.419043295896705337e-37
1.204253296008329505e-01 7.956361247171719144e-37
1.237386059460711119e-01 8.517799142602908707e-37
1.271430408555108416e-01 9.097789853677892002e-37
1.306411423855173559e-01 9.721021106082635785e-37
1.342354875969074268e-01 1.041302474456226574e-36
1.379287244534770640e-01 1.116400295130413777e-36
1.417235737727635947e-01 1.193789150727264177e-36
1.456228312304792549e-01 1.274714466938788638e-36
1.496293694200929447e-01 1.362951388596343761e-36
1.537461399690777386e-01 1.461010732626601620e-36
1.579761757133826272e-01 1.564964252437848156e-36
1.623225929317309857e-01 1.671782044416105518e-36
1.667885936413915360e-01 1.785260716143165282e-36
1.713774679571130610e-01 1.910453311675107922e-36
1.760925965149606198e-01 2.048107391114771624e-36
1.809374529628399175e-01 2.191110130056617905e-36
1.859156065195421148e-01 2.338984352131900180e-36
1.910307246041974827e-01 2.498673064847779950e-36
1.962865755380728827e-01 2.675992699058385499e-36
2.016870313207041743e-01 2.866894026342843159e-36
2.072360704824087185e-01 3.063055451606912962e-36
2.129377810152792150e-01 3.268537472228707075e-36
2.187963633848187539e-01 3.493509983487283538e-36
2.248161336244348385e-01 3.742739179009480428e-36
2.310015265150729136e-01 4.004770053215847625e-36
2.373570988523314440e-01 4.273535961851918677e-36
2.438875328034654788e-01 4.559771097716324057e-36
2.505976393567518334e-01 4.876327715951788232e-36
2.574923618657568580e-01 5.221755426737531310e-36
2.645767796911195346e-01 5.577879280017999921e-36
2.718561119425282890e-01 5.946624304976766696e-36
2.793357213236544179e-01 6.345223282808108066e-36
2.870211180828699526e-01 6.787406533741301742e-36
2.949179640726624640e-01 7.258530703513290486e-36
3.030320769207371367e-01 7.739392675487205106e-36
3.113694343158787681e-01 8.252693062998404645e-36
3.199361784117309426e-01 9.098900948703328902e-36
3.287386203517374539e-01 9.728300169385902083e-36
3.377832449185786401e-01 1.038255291038906082e-35
3.470767153115280057e-01 1.105260338226102698e-35
3.566258780552494234e-01 1.176639960788596855e-35
3.664377680436499141e-01 1.255279706071684254e-35
3.765196137225049200e-01 1.340130034784330660e-35
3.868788424146749616e-01 1.426639262340044219e-35
3.975230857918323757e-01 1.516120876726040001e-35
4.084601854967356838e-01 1.612456906786647080e-35
4.196981989201887808e-01 1.718597438373079739e-35
4.312454051369422059e-01 1.829991771436310775e-35
4.431103110049099958e-01 1.942835520595152368e-35
4.553016574321946397e-01 2.060781546339559484e-35
4.678284258165377740e-01 2.189922479879869426e-35
4.806998446619399901e-01 3.011579204761122919e-35
4.939253963773246880e-01 2.250493125815968379e-26
5.075148242622540273e-01 2.411532639059108637e-26
5.214781396848443551e-01 2.579103309572032396e-26
5.358256294571674960e-01 2.757229988109805135e-26
5.505678634135734439e-01 2.947099668616033730e-26
5.657157021975148803e-01 3.151004466629478850e-26
5.812803052626150935e-01 3.369167985220970924e-26
5.972731390938633700e-01 3.604528035040287016e-26
6.137059856550086678e-01 3.858607026425003837e-26
6.305909510683626040e-01 4.132534124521417213e-26
6.479404745334126359e-01 4.427380260317147882e-26
6.657673374908140707e-01 4.742125328216527492e-26
6.840846730385113927e-01 5.078631914794426807e-26
7.029059756069271359e-01 5.436135856983000883e-26
7.222451109003452663e-01 5.815612434383543305e-26
7.421163261118124410e-01 6.215428487602850957e-26
7.625342604190838980e-01 6.643662381664632039e-26
7.835139557693446832e-01 7.099170394689875740e-26
8.050708679606533025e-01 7.590899647309996200e-26
8.272208780282680474e-01 8.117750459550001812e-26
8.499803039442527242e-01 8.684972696773621515e-26
8.733659126389650140e-01 9.296700008429800770e-26
8.973949323533025879e-01 9.955422956450938586e-26
9.220850653307940403e-01 1.066565198749187297e-25
9.474545008588888262e-01 1.141794149363773683e-25
9.735219286690549589e-01 1.222250012595752330e-25
1.000306552705554131e+00 1.306806217928842483e-25
1.027828105273039139e+00 1.397486341251093138e-25
1.056106861573396172e+00 1.492521885269900337e-25
1.085163654642540054e+00 1.594761375931986482e-25
1.115019890698168314e+00 1.703295347686450731e-25
1.145697564909779587e+00 1.820542632410874629e-25
1.177219277602574055e+00 1.946490412320898864e-25
1.209608250907172167e+00 2.081925875886286675e-25
1.242888345867426469e+00 2.227641818927253135e-25
1.277084080018908940e+00 2.383582344290271883e-25
1.312220645451050327e+00 2.551957513126476686e-25
1.348323927366220198e+00 2.728615834857643749e-25
1.385420523149423211e+00 2.918178301443103531e-25
1.423537761962666348e+00 3.114626056156841457e-25
1.462703724878424483e+00 3.326668418206513744e-25
1.502947265567043056e+00 3.548322733067994429e-25
1.544298031553314354e+00 3.787214954109837668e-25
1.586786486057889523e+00 4.040363445827506869e-25
1.630443930439613887e+00 4.312587015917317039e-25
1.675302527255323248e+00 4.604823394227379737e-25
1.721395323954086676e+00 4.918453017008158192e-25
1.768756277223347828e+00 5.255063893579339474e-25
1.817420278004916678e+00 5.610941583064762985e-25
1.867423177199208917e+00 5.994632598241851786e-25
1.918801812076707414e+00 6.391083590294450634e-25
1.971594033416078195e+00 6.818595712127710776e-25
2.025838733388940049e+00 7.254975387180325528e-25
2.081575874211832211e+00 7.725568201976467804e-25
2.138846517586486140e+00 8.215091136739230020e-25
2.197692854950094254e+00 8.741031943972718887e-25
2.258158238557852471e+00 9.296722917058067318e-25
2.320287213420684225e+00 9.888731924636867726e-25
2.384125550121671377e+00 1.051939944077996005e-24
2.449720278535363782e+00 1.119075460683149578e-24
2.517119722474816523e+00 1.190812487179040422e-24
2.586373535291871306e+00 1.265193612593540297e-24
2.657532736456913902e+00 1.344965950324006980e-24
2.730649749145063421e+00 1.425205087085846830e-24
2.805778438856453505e+00 1.511860163042945522e-24
2.882974153099099102e+00 1.598788273709571638e-24
2.962293762163554778e+00 1.691720840750663401e-24
3.043795701019407662e+00 1.787278708850473219e-24
3.127540012364480759e+00 1.888749065386600397e-24
3.213588390858446608e+00 1.995156625401656570e-24
3.302004228573451883e+00 2.107034184038355887e-24
3.392852661695225258e+00 2.224489386076413045e-24
3.486200618509082805e+00 2.347244142066250831e-24
3.582116868706174628e+00 2.477289511363456691e-24
3.680672074046303255e+00 2.608249422280001161e-24
3.781938840414629688e+00 2.747989241828227032e-24
3.885991771310623566e+00 2.882977377648498963e-24
3.992907522808675225e+00 3.028316505031886081e-24
4.102764860030809757e+00 3.171213873082775081e-24
4.215644715173182178e+00 3.322327730573501433e-24
4.331630247129035105e+00 3.475562815258488949e-24
4.450806902752084682e+00 3.635590556986244385e-24
4.573262479805450198e+00 3.801756745146766538e-24
4.699087191642479233e+00 3.974530067341527732e-24
4.828373733667208789e+00 4.153774316214214914e-24
4.961217351623300686e+00 4.336843214976065710e-24
5.097715911761800278e+00 4.529594920532752684e-24
5.237969972939543695e+00 4.716902444374482692e-24
5.382082860701053129e+00 2.357699677912372871e-24
5.530160743398830014e+00 3.727829115500993768e-33
5.682312710407774858e+00 3.654160850965994170e-33
5.838650852491720222e+00 3.277426171992430081e-33
5.999290344380898254e+00 3.526214265813728547e-33
6.164349529621577339e+00 4.387305735290069832e-33
6.333950007759965750e+00 4.852547948045493515e-33
6.508216723925032809e+00 4.463959590062255774e-33
6.687278060875811114e+00 4.170683852834452584e-33
6.871265933581420349e+00 4.883784148885902051e-33
7.060315886403135899e+00 5.933727571250897772e-33
7.254567192950242216e+00 6.050114743319769799e-33
7.454162958683379969e+00 5.377423780487161219e-33
7.659250226340601486e+00 5.438108467793623168e-33
7.869980084264276421e+00 6.671355850656308831e-33
8.086507777708154876e+00 7.624525822186900606e-33
8.308992823207091760e+00 7.192257212746981754e-33
8.537599126093176949e+00 6.423580300931876776e-33
8.772495101245366911e+00 7.089938409831015940e-33
9.013853797161045733e+00 8.736092578502978079e-33
9.261853023441455335e+00 9.311947223640481964e-33
9.516675481784369950e+00 8.340307656914965096e-33
9.778508900581067920e+00 5.980714587818764852e-33
1.004754617321619925e+01 1.237558828644427767e-33
1.032398550017299144e+01 1.041668520531864342e-33
1.060803053504802484e+01 6.361423008365469975e-34
1.089989053458332435e+01 7.274889999021043806e-34
1.119978051282650533e+01 1.319418639964217345e-33
1.150792139953203019e+01 1.551093811588828916e-33
1.182454020292094121e+01 1.102889001705657043e-33
1.214987017691823112e+01 7.418922303346170121e-34
1.248415099299183595e+01 1.102383133860701556e-33
1.282762891671905159e+01 1.784037486511632822e-33
1.318055698921125085e+01 1.722659526569991749e-33
1.354319521352974576e+01 1.089011683987841032e-33
1.391581074623094949e+01 9.456402051865143730e-34
1.429867809418112046e+01 3.077490760348024469e-34
1.469207931678650070e+01 4.701789858055030879e-34
1.509630423378715669e+01 6.661659175232836252e-34
1.551165063876787187e+01 6.137677634484727614e-34
1.593842451854369635e+01 4.163792890485481223e-34
1.637694027858100299e+01 4.448679646152111305e-34
1.682752097462110896e+01 6.774590556786672429e-34
1.729049855067603403e+01 7.981135495951828328e-34
1.776621408357282306e+01 5.796906533844445472e-34
1.825501803422548974e+01 4.505959458072177216e-34
1.875727050582079514e+01 4.951983241518228997e-34
1.927334150910694177e+01 2.632607166130837171e-34
1.980361123498180120e+01 1.358117265428981330e-34
2.034847033458024157e+01 3.657988615857299767e-34
2.090832020706820771e+01 5.593349132114513464e-34
2.148357329535422977e+01 5.662566121607265155e-34
2.207465338993752368e+01 1.816863982903692067e-34
2.268199594111546347e+01 1.784479899513220717e-34
2.330604837978085087e+01 4.188906504815595436e-34
2.394727044704578134e+01 2.760286140032207170e-34
2.460613453293378683e+01 2.301630244375726167e-34
2.528312602439121548e+01 1.157016219593128666e-34
2.597874366287271286e+01 3.498530397697123710e-34
2.669349991176580161e+01 4.884552319871469212e-34
2.742792133392361364e+01 2.450974523304566868e-34
2.818254897958560434e+01 1.817257989570332348e-34
2.895793878497025986e+01 4.015191181514991366e-35
2.975466198183528732e+01 2.357188155636222654e-34
3.057330551830509435e+01 3.206055188064236056e-34
3.141447249127755370e+01 7.318267270959151048e-35
3.227878259072660683e+01 2.457050307676755878e-34
3.316687255622997554e+01 2.881056228157204648e-34
3.407939664605675034e+01 3.518107541427214852e-34
3.501702711916099986e+01 1.146056313572610582e-34
3.598045473043723064e+01 1.833282054743345580e-34
3.697038923960083423e+01 1.232573359062148285e-34
3.798755993407053211e+01 6.957019706486814819e-35
3.903271616623580087e+01 1.572760690495773687e-34
4.010662790550743040e+01 8.975691330200755222e-35
4.121008630555537167e+01 9.738228197104795218e-35
4.234390428715448706e+01 1.937274740208675018e-34
4.350891713706477049e+01 9.667807181039491724e-35
4.470598312339006242e+01 1.357193860418232654e-34
4.593598412786573704e+01 8.142916982240880999e-35
4.719982629554401399e+01 9.813372131735930549e-35
4.849844070235315741e+01 8.636208143480947969e-35
4.983278404102337333e+01 9.940123340848182662e-35
5.120383932588553932e+01 1.076362029531696079e-34
5.261261661705977133e+01 1.885628009492860220e-34
5.406015376457020949e+01 6.749685168758498827e-35
5.554751717293112279e+01 6.111367574803977972e-35
5.707580258677081275e+01 7.793409269493183310e-35
5.864613589806876348e+01 1.391024654184656890e-34
6.025967397560421546e+01 6.605227169293774963e-35
6.191760551722354933e+01 1.150334944088195450e-34
6.362115192555817345e+01 6.219265812177963613e-35
6.537156820783413025e+01 9.243459939665820834e-35
6.717014390044032268e+01 8.830871469689765979e-35
6.901820401893240842e+01 8.723510152470315260e-35
7.091711003417621839e+01 1.106107013427130290e-34
7.286826087534669227e+01 5.309356598132571469e-35
7.487309396052224031e+01 8.431787833273198328e-35
7.693308625563560099e+01 6.695500285353961327e-35
7.904975536255736301e+01 8.634768782163706362e-35
8.122466063711866013e+01 5.855461685526909551e-35
8.345940433789147050e+01 8.748286691031257526e-35
8.575563280657819121e+01 6.490734046932280506e-35
8.811503768087456478e+01 6.120078735735498546e-35
9.053935714070523488e+01 3.365904011128814196e-35
9.303037718874405471e+01 4.834715968117980974e-35
9.558993296616854707e+01 9.743211725522157032e-35
9.821991010461188409e+01 4.930069378598321341e-35
1.009222461153143229e+02 8.573950057751945383e-35
1.036989318164913385e+02 8.998534581308730744e-35
1.065520127999761826e+02 6.650332378831182791e-35
1.094835909382123589e+02 4.189798664097522848e-35
1.124958259327079588e+02 6.597930671850579485e-35
1.155909369050951767e+02 2.749689886192345806e-35
1.187712040319613607e+02 5.183984622444200680e-35
1.220389702246631032e+02 7.450329934723856057e-35
1.253966428553534769e+02 5.374236676794163822e-35
1.288466955305015063e+02 3.983096780132697194e-35
1.323916699132026622e+02 5.026106586468842320e-35
1.360341775956310926e+02 5.809950331829604063e-35
1.397769020230043395e+02 4.964884003479176667e-35
1.436226004704869865e+02 4.148563495911724012e-35
1.475741060744803406e+02 5.041681527837824315e-35
1.516343299198036618e+02 5.254428296358519555e-35
1.558062631842974497e+02 4.404984429122335879e-35
1.600929793424311356e+02 4.236275694299740381e-35
1.644976364295422115e+02 4.186143271575899910e-35
1.690234793683669352e+02 3.347291591973937463e-35
1.736738423595860752e+02 3.377742020973213484e-35
1.784521513381370141e+02 3.537636370978178740e-35
1.833619264971118810e+02 5.244291746324382363e-35
1.884067848810905446e+02 3.973001786291213214e-35
1.935904430508299185e+02 3.335794090694220623e-35
1.989167198212613243e+02 3.217656529546765081e-35
2.043895390748248815e+02 3.288485651350331225e-35
2.100129326522009592e+02 3.174055631719199054e-35
2.157910433225814302e+02 3.349341988175164455e-35
2.217281278356554992e+02 3.924803144649100852e-35
2.278285600575716217e+02 3.102654025986121495e-35
2.340968341931753116e+02 3.106780208506470625e-35
2.405375680969004293e+02 2.433856912182196927e-35
2.471555066747583282e+02 3.269379388546616289e-35
2.539555253799189245e+02 2.511660096170595733e-35
2.609426338044743829e+02 2.222240621221964087e-35
2.681219793700147420e+02 2.381011723850813398e-35
2.754988511197515777e+02 1.664637196433066386e-35
2.830786836149662236e+02 1.681855847233408394e-35
2.908670609386698516e+02 1.756332084270452219e-35
2.988697208094080224e+02 1.357479717214978413e-35
3.070925588082581612e+02 1.063403980891753038e-35
3.155416327221150823e+02 7.278457767967181770e-36
3.242231670064832656e+02 3.935426005224212970e-36
3.331435573710484732e+02 4.257959981235471877e-50
