# label=highfre axion+backreaction
# source_module=highfre322
# source_component=axion_backreaction_total
# source_transition_family=fine
# source_frequency_frame=observer
# source_redshift=0.0000000000000000e+00
# source_luminosity_distance_m=3.0856775814913671e+19
# rate_model=remnant_cloud_effective
# r0_gpc3_yr=1.0000000000000000e+00
# r_eff0_gpc3_yr=1.0000000000000000e+00
# rate_evolution=constant
# z_model=1.0000000000000000e+01
# f_ret=1.0000000000000000e+00
# f_2g=1.0000000000000000e+00
# f_cloud=1.0000000000000000e+00
# f_duty=1.0000000000000000e+00
# remnant_spin=6.9999999999999996e-01
# spin_model=GerosaBerti2017
# kerr_m_omega_h=2.0418368367551071e-01
# cloud_azimuthal_m=2
# superradiant_spin_threshold=5.5045871559633019e-01
# nu_cut_hz=1.0806033479629879e+02
# characteristic_mass_msun=5.0500000000000000e-01
# hubble_h0_si=2.1953038906696129e-18
# rho_c_energy_density_si=7.7465150935130668e-10
# omega_gw_formula=f_over_rho_c_H0_integral_R_eff_dE_dnu_over_1plusz_Ez
# single_event_spectrum_frame=local_source_z0
# energy_spectrum_prefactor=two_pi_squared_c_cubed_over_G
# source_angle_average_factor=8.0000000000000004e-01
# single_event_fourier_convention=h_tilde_integral_h_exp_minus_2pi_i_f_t_dt
# columns=frequency_hz omega_gw
2.745881820120620325e-04 1.307837937814494164e-41
2.817696648715161518e-04 1.547637597804332988e-40
2.891389697110811636e-04 3.471908497846038994e-40
2.967010087608504070e-04 5.350544072819896919e-40
3.044608227236564497e-04 7.827826157469791100e-40
3.124235841351042059e-04 1.027630550537114389e-39
3.205946008114767963e-04 1.343076940057276213e-39
3.289793193878211720e-04 1.657943758973804890e-39
3.375833289485627485e-04 2.056034056429614482e-39
3.464123647530791840e-04 2.456612184736995959e-39
3.554723120587058760e-04 2.955258550985825086e-39
3.647692100437327630e-04 3.460407318471018753e-39
3.743092558329959253e-04 4.081073646254602998e-39
3.840988086287590395e-04 4.713421859848985614e-39
3.941443939496265818e-04 5.481792165875773602e-39
4.044527079803260264e-04 6.268450956043624217e-39
4.150306220352463255e-04 7.215219125822018476e-39
4.258851871387211107e-04 8.188624646756568801e-39
4.370236387250959055e-04 9.350426934102485869e-39
4.484534014617263544e-04 1.054933587586884827e-38
4.601820941981081959e-04 1.196985122495885579e-38
4.722175350444525726e-04 1.344051603673329249e-38
4.845677465830770824e-04 1.517176356553138874e-38
4.972409612161009934e-04 1.696931888207668640e-38
5.102456266529947857e-04 1.907318683619086815e-38
5.235904115416575161e-04 2.126328394665361528e-38
5.372842112467577855e-04 2.381333020973532275e-38
5.513361537792096706e-04 2.647405666150538833e-38
5.657556058807159663e-04 2.955732334898663068e-38
5.805521792674539841e-04 3.278064475999732889e-38
5.957357370370475105e-04 3.649985190893351957e-38
6.113164002431132693e-04 4.039532450480055725e-38
6.273045546417468877e-04 4.487275970794838941e-38
6.437108576144630898e-04 4.957044630142786245e-38
6.605462452721865951e-04 5.495087460521612345e-38
6.778219397450485975e-04 6.060484207214133784e-38
6.955494566628269695e-04 6.705949689531628705e-38
7.137406128310385539e-04 7.385209078682724872e-38
7.324075341077781022e-04 8.158335069986345383e-38
7.515626634865764421e-04 8.973020633327006360e-38
7.712187693906435906e-04 9.897707118562287028e-38
7.913889541840478208e-04 1.087329834226092855e-37
8.120866629054821926e-04 1.197774811684624659e-37
8.333256922304618569e-04 1.314430969474273673e-37
8.551201996679038591e-04 1.446160273411369910e-37
8.774847129972441345e-04 1.585425937111025214e-37
9.004341399523549134e-04 1.742325630798049441e-37
9.239837781587476907e-04 1.908362635175636607e-37
9.481493253306539281e-04 2.095023620884396067e-37
9.729468897348130928e-04 2.292734349346350771e-37
9.983930009279109400e-04 2.514554543267319837e-37
1.024504620774856082e-03 2.749705756578689489e-37
1.051299154755210496e-03 3.013027001723846928e-37
1.078794463565338133e-03 3.292396899173773705e-37
1.107008875023977792e-03 3.604662516604040811e-37
1.135961196289206462e-03 3.936182292888589554e-37
1.165670726394902289e-03 4.306055416344445369e-37
1.196157269115101073e-03 4.698999886800318409e-37
1.227441146164783741e-03 5.136671644150901512e-37
1.259543210745931461e-03 5.601952871260332036e-37
1.292484861447839922e-03 6.119363213411233114e-37
1.326288056510997607e-03 6.669761583622358233e-37
1.360975328463997049e-03 7.280878073476037860e-37
1.396569799143273539e-03 7.931342594499352145e-37
1.433095195105645297e-03 8.652445663420716267e-37
1.470575863443968675e-03 9.420387902246768062e-37
1.509036788016408911e-03 1.027048662781318010e-36
1.548503606100187736e-03 1.117630503485326857e-36
1.589002625480863233e-03 1.217761576538965423e-36
1.630560841988583105e-03 1.324513013464787534e-36
1.673205957492947000e-03 1.442356681592982528e-36
1.716966398368528161e-03 1.568058509484153236e-36
1.761871334443308474e-03 1.706637641156937136e-36
1.807950698442711878e-03 1.854533378536619163e-36
1.855235205942140945e-03 2.017368654255989902e-36
1.903756375841375971e-03 2.191238497946003376e-36
1.953546551374423131e-03 2.382433374032517997e-36
2.004638921668877062e-03 2.586700051364636667e-36
2.057067543869109567e-03 2.811060370123735909e-36
2.110867365838091803e-03 3.050880400241327756e-36
2.166074249452918862e-03 3.313981321798551767e-36
2.222724994509629737e-03 3.595353709596409872e-36
2.280857363253195602e-03 3.903724860523598507e-36
2.340510105549086037e-03 4.233714235565188361e-36
2.401722984713131580e-03 4.594983106507525979e-36
2.464536804016967397e-03 4.981770711049418988e-36
2.528993433886652081e-03 5.404813196573697320e-36
2.595135839812669643e-03 5.858042354504395168e-36
2.663008110989840711e-03 6.353322234876803240e-36
2.732655489706310292e-03 6.884212035826026140e-36
2.804124401501126903e-03 7.463863172090637121e-36
2.877462486110580510e-03 8.085624778310326650e-36
2.952718629223895219e-03 8.764005640575037211e-36
3.029942995069439052e-03 9.489097107554518160e-36
3.109187059853182975e-03 1.024532683441043144e-35
3.190503646071706466e-03 1.106230769081987048e-35
3.273946957722615424e-03 1.194495348067358754e-35
3.359572616435830238e-03 1.289864051167170624e-35
3.447437698549836275e-03 1.392929073338339672e-35
3.537600773157625281e-03 1.504317991440697935e-35
3.630121941147681532e-03 1.624715204123759004e-35
3.725062875266016253e-03 1.754876684665119545e-35
3.822486861225968518e-03 1.895605838024378588e-35
3.922458839893193383e-03 2.047779571862478361e-35
4.025045450573942404e-03 2.212362897976043771e-35
4.130315075435478031e-03 2.390382253294745405e-35
4.238337885088232747e-03 2.582970946021429389e-35
4.349185885360137838e-03 2.791354053399063810e-35
4.462932965294263976e-03 3.016854045578656465e-35
4.579654946401760622e-03 3.260928609552564079e-35
4.699429633202935157e-03 3.525138763804249238e-35
4.822336865090190439e-03 3.811203835818603712e-35
4.948458569547362594e-03 4.120978334549477158e-35
5.077878816760923730e-03 4.456490267315280997e-35
5.210683875659460548e-03 4.819945698556456032e-35
5.346962271418813015e-03 5.213746332854307341e-35
5.486804844471187929e-03 5.640517067801374582e-35
5.630304811057546682e-03 6.103115566774565088e-35
5.777557825363660235e-03 6.604666601118342810e-35
5.928662043281276474e-03 7.148585411256070561e-35
6.083718187836867700e-03 7.738594946934904057e-35
6.242829616331560527e-03 8.378793411460909894e-35
6.406102389237017074e-03 9.073627684743968872e-35
6.573645340893221993e-03 9.827993167687124360e-35
6.745570152055268762e-03 1.064721458142356626e-34
6.921991424337491094e-03 1.153712807769884234e-34
7.103026756604575130e-03 1.250413549823469900e-34
7.288796823360605553e-03 1.355521499300766293e-34
7.479425455188272974e-03 1.469804355399994978e-34
7.675039721291830770e-03 1.594105807591028667e-34
7.875770014198849381e-03 1.729350906196053230e-34
8.081750136677263649e-03 1.876559407828349359e-34
8.293117390925617421e-03 2.036856036238387921e-34
8.510012670095925755e-03 2.211479921972497911e-34
8.732580552210192706e-03 2.401794076649525902e-34
8.960969396533225578e-03 2.609298008674905387e-34
9.195331442465948593e-03 2.835644180680142947e-34
9.435822911025102538e-03 3.082651200871615392e-34
9.682604108977003673e-03 3.352323425689623532e-34
9.935839535694827168e-03 3.646874658716985777e-34
1.019569799281059425e-02 3.968763226367209616e-34
1.046235269673489662e-02 4.320716282179256549e-34
1.073598139411948912e-02 4.705767678159465341e-34
1.101676648033962126e-02 5.127276091966299576e-34
1.130489512107511751e-02 5.588958985385597390e-34
1.160055937707124736e-02 6.094916795465705658e-34
1.190395633216254773e-02 6.649691845436537177e-34
1.221528822464493756e-02 7.258334555005602546e-34
1.253476258208368645e-02 7.926502838551632139e-34
1.286259235964711152e-02 8.660531085522164209e-34
1.319899608205819461e-02 9.467494033926481395e-34
1.354419798925876606e-02 1.035524943442621867e-33
1.389842818588332696e-02 1.133249345281990255e-33
1.426192279464215742e-02 1.240889079892826991e-33
1.463492411371596948e-02 1.359529212440387651e-33
1.501768077826697544e-02 1.490395942421562189e-33
1.541044792617408607e-02 1.634869218314250513e-33
1.581348736810267441e-02 1.794488213863894641e-33
1.622706776202229723e-02 1.970958052189339921e-33
1.665146479228867341e-02 2.166184207980845268e-33
1.708696135340931690e-02 2.382328103177223248e-33
1.753384773861533380e-02 2.621849040362272274e-33
1.799242183336501738e-02 2.887505740314888833e-33
1.846298931390830123e-02 3.182357402222629634e-33
1.894586385104439150e-02 3.509831845903092478e-33
1.944136731920838995e-02 3.873848491461499628e-33
1.994983001102631701e-02 4.278881230654710320e-33
2.047159085748151419e-02 4.729933296554157243e-33
2.100699765383919754e-02 5.232558910105229658e-33
2.155640729147979134e-02 5.793107071052461616e-33
2.212018599579551950e-02 6.418887064102334316e-33
2.269870957030886705e-02 7.118118404911275407e-33
2.329236364717564636e-02 7.899928745650999585e-33
2.390154394423960743e-02 8.774818967755628177e-33
2.452665652880999317e-02 9.754913064413494598e-33
2.516811808833780556e-02 1.085374652759233933e-32
2.582635620817128400e-02 1.208653608151199487e-32
2.650180965657565960e-02 1.347106294057736588e-32
2.719492867720725224e-02 1.502750963621663135e-32
2.790617528923682381e-02 1.677837215994011212e-32
2.863602359532223599e-02 1.874985463915050434e-32
2.938496009763568936e-02 2.097208484553276208e-32
3.015348402215638907e-02 2.347858373255537320e-32
3.094210765144433592e-02 2.630859653145711573e-32
3.175135666611778040e-02 2.950717775447256428e-32
3.258177049526106428e-02 3.312492525303043884e-32
3.343390267599748167e-02 3.722158212344303098e-32
3.430832122246565280e-02 4.186454371651036633e-32
3.520560900444660163e-02 4.713123243382950905e-32
3.612636413589272177e-02 5.311240854587429314e-32
3.707120037361877340e-02 5.991017024238621625e-32
3.804074752641949803e-02 6.764548416250331431e-32
3.903565187488779176e-02 7.645542977105247757e-32
4.005657660221199901e-02 8.650084677622799363e-32
4.110420223624078329e-02 9.796696093405152904e-32
4.217922710310894469e-02 1.110692625530623343e-31
4.328236779272789936e-02 1.260586510846940861e-31
4.441435963644970591e-02 1.432266158444807317e-31
4.557595719722450089e-02 1.629139836051936981e-31
4.676793477257656928e-02 1.855189725460457371e-31
4.799108691073586397e-02 2.115065169571989117e-31
4.924622894026745717e-02 2.414256688967582604e-31
5.053419751355350820e-02 2.759153353198519519e-31
5.185585116448848675e-02 3.157369483576273014e-31
5.321207088076097824e-02 3.617803432392806801e-31
5.460376069110191993e-02 4.151043611623341477e-31
5.603184826789230771e-02 4.769665965255273247e-31
5.749728554553053955e-02 5.488537107418219946e-31
5.900104935497311326e-02 6.325497643647215956e-31
6.054414207486998045e-02 7.301872905226735635e-31
6.212759229973048580e-02 8.443149573166419688e-31
6.375245552556316198e-02 9.780160982230263236e-31
6.541981485344870728e-02 1.135012328846414299e-30
6.713078171151272422e-02 1.319817165667442558e-30
6.888649659578188755e-02 1.537919735870543882e-30
7.068812983041505849e-02 1.796050262858617445e-30
7.253688234781835442e-02 2.102473484150802585e-30
7.443398648916189908e-02 2.467406826290962936e-30
7.638070682583421311e-02 2.903527719084737828e-30
7.837834100237936474e-02 3.426683378566345588e-30
8.042822060148138719e-02 4.056784399367350294e-30
8.253171203156974001e-02 4.819043274596729762e-30
8.469021743764031107e-02 5.745596036502846701e-30
8.690517563589632288e-02 6.877763290861201859e-30
8.917806307283498990e-02 8.269118837583413552e-30
9.151039480941615400e-02 9.989808939200397508e-30
9.390372553097224573e-02 1.213268062429045023e-29
9.635965058352936874e-02 1.482206017994662987e-29
9.887980703723359133e-02 1.822667569256530856e-29
1.014658747775881442e-01 2.257888156880896007e-29
1.041195776252320376e-01 2.820406604202133465e-29
1.068426844850033502e-01 3.556655931991147898e-29
1.096370105250563526e-01 4.534389085459532150e-29
1.125044183868151859e-01 5.854989128859416345e-29
1.154468194265739905e-01 7.674789950073347044e-29
1.184661749895675464e-01 1.024364378098134466e-28
1.215644977173654384e-01 1.397891486822953988e-28
1.247438528894573989e-01 1.961694744006284322e-28
1.280063597999279712e-01 2.855399047647575350e-28
1.313541931701343035e-01 4.370570710758329971e-28
1.347895845983324292e-01 7.208093648461418500e-28
1.383148240472148738e-01 1.348303867236799715e-27
1.419322613703544733e-01 3.341947806350399661e-27
1.456443078785685519e-01 2.680626159262540395e-26
1.494534379472510222e-01 1.036661100752532861e-25
1.533621906657401668e-01 1.225514615106038832e-25
1.573731715298254674e-01 1.334680101617853088e-25
1.614890541785174716e-01 1.439976516011108264e-25
1.657125821762429618e-01 1.547206545402142851e-25
1.700465708416482868e-01 1.661192307033449602e-25
1.744939091242354301e-01 1.781235315139777626e-25
1.790575615300762091e-01 1.911541130484607823e-25
1.837405700978936574e-01 2.051127695887787953e-25
1.885460564268221784e-01 2.206695440299578782e-25
1.934772237572043030e-01 2.382655667421447706e-25
1.985373591058044174e-01 2.616915516340343880e-25
2.037298354568696512e-01 3.775718945093047949e-25
2.090581140104916524e-01 6.161574254753466892e-25
2.145257464897734612e-01 6.677697402111549038e-25
2.201363775083372276e-01 7.148097062462436820e-25
2.258937469997487069e-01 7.635405021311800673e-25
2.318016927104832869e-01 8.149722600136310740e-25
2.378641527580886983e-01 8.696485370559217063e-25
2.440851682562566183e-01 9.277351089364067775e-25
2.504688860085458324e-01 9.897504982859648739e-25
2.570195612725596490e-01 1.055655172756840667e-24
2.637415605964131271e-01 1.126139083762708343e-24
2.706393647293879323e-01 1.201109988791404709e-24
2.777175716087073032e-01 1.281460482100938130e-24
2.849808994244307780e-01 1.367670040788259078e-24
2.924341897645023058e-01 1.483802872365391284e-24
3.000824108420571679e-01 1.662497049987370698e-24
3.079306608071309403e-01 1.776067732167226193e-24
3.159841711449853374e-01 1.894459738499624190e-24
3.242483101633090170e-01 2.021023249119614104e-24
3.327285865706253731e-01 2.155037470605682526e-24
3.414306531482841911e-01 2.298601767922551105e-24
3.503603105184944222e-01 2.450909481097832038e-24
3.595235110108992993e-01 2.614094758807780358e-24
3.689263626302822785e-01 2.787567289966872874e-24
3.785751331280368115e-01 2.973729033290407644e-24
3.884762541801261571e-01 3.172972102505499278e-24
3.986363256743060135e-01 3.391545917731782827e-24
4.090621201094796766e-01 3.864616688430398550e-24
4.197605871101062203e-01 4.384020789163067829e-24
4.307388580586833382e-01 4.675241123684074840e-24
4.420042508493799427e-01 5.676519802651542852e-24
4.535642747660000862e-01 6.361703495930155127e-24
4.654266354875171152e-01 6.800508872748577303e-24
4.775992402245272106e-01 7.259346212737799799e-24
4.900902029900331414e-01 7.742601542224835513e-24
5.029078500080854663e-01 8.259063096334282636e-24
5.160607252638720333e-01 8.804899817373309292e-24
5.295575961989699154e-01 9.391232547479183002e-24
5.434074595555415943e-01 1.001268818856935515e-23
5.576195473733859265e-01 1.068616918850406802e-23
5.722033331438255432e-01 1.141971718792688981e-23
5.871685381245497215e-01 1.344312678743383803e-23
6.025251378196042618e-01 1.565528526378415285e-23
6.182833686288663477e-01 2.008133408374940606e-23
6.344537346714170800e-01 2.168538861630708048e-23
6.510470147873811397e-01 2.315211111218527958e-23
6.680742697228786442e-01 2.468533883503959175e-23
6.855468495029015674e-01 2.631761293427853085e-23
7.034764009970055909e-01 2.805109283257715937e-23
7.218748756828846647e-01 2.994615606776999148e-23
7.407545376129792691e-01 3.556756507458437994e-23
7.601279715894525557e-01 3.779455648751432868e-23
7.800080915529594705e-01 4.039191805685233495e-23
8.004081491908262569e-01 4.284695280052780967e-23
8.213417427703511020e-01 5.226422013059049148e-23
8.428228262031419726e-01 5.698093003586580753e-23
8.648657183465061626e-01 6.080296944978558995e-23
8.874851125481185710e-01 6.872562448254409101e-23
9.106960864403045308e-01 7.424320144535740103e-23
9.345141119904927240e-01 7.791437239862630320e-23
9.589550658145092887e-01 8.405776286738067709e-23
9.840352397596177081e-01 8.816063479756772483e-23
1.009771351764328307e+00 9.517715437047656386e-23
1.036180557002246427e+00 1.161014167463790929e-22
1.063280459317358151e+00 1.249579603155027317e-22
1.091089122958405433e+00 1.314497703986835992e-22
1.119625084620142763e+00 1.412844444443567106e-22
1.148907365799531677e+00 1.486618946053621104e-22
1.178955485475079890e+00 1.633736309080626628e-22
1.209789473117806491e+00 1.732838020424425097e-22
1.241429882042476063e+00 1.952216600604108658e-22
1.273897803108032356e+00 2.129220949352271903e-22
1.307214878776330469e+00 2.205653489068847208e-22
1.341403317538575779e+00 2.460769209429145515e-22
1.376485908719046192e+00 2.521450412015958687e-22
1.412486037666007777e+00 2.781875440989924426e-22
1.449427701339904617e+00 2.909593554353264908e-22
1.487335524309260526e+00 3.382746167723180525e-22
1.526234775164909463e+00 3.325785626759129608e-22
1.566151383363539651e+00 3.813695307289518093e-22
1.607111956511735551e+00 3.675509730721626275e-22
1.649143798102084446e+00 4.142619149297010724e-22
1.692274925713120881e+00 4.222882330889971874e-22
1.736534089685294102e+00 4.662793524727447604e-22
1.781950792285351470e+00 4.775855646751701612e-22
1.828555307371968919e+00 5.309927601541895220e-22
1.876378700575680458e+00 5.580100513085230186e-22
1.925452850006616812e+00 6.056993857882580090e-22
1.975810467503795520e+00 6.309040243378816792e-22
2.027485120440189359e+00 6.839496346595225753e-22
2.080511254098043938e+00 7.138810836567210060e-22
2.134924214629426942e+00 7.931320499692161085e-22
2.190760272617242155e+00 8.024806051864842873e-22
2.248056647252486329e+00 8.652221720810255983e-22
2.306851531143796485e+00 8.418285338199260892e-22
2.367184115775887499e+00 9.394391414452979575e-22
2.429094617633790421e+00 9.515687774924515959e-22
2.492624305010369135e+00 1.068470772999811504e-21
2.557815525514912203e+00 1.078271529660186371e-21
2.624711734301218069e+00 1.209018012007714916e-21
2.693357523033901746e+00 1.220479662495610575e-21
2.763798649612318581e+00 1.372488176219797978e-21
2.836082068671851975e+00 1.377591075385804411e-21
2.910255962882919878e+00 1.551803429685001373e-21
2.986369775068580257e+00 1.557735263648019327e-21
3.064474241162110424e+00 1.752251113857338513e-21
3.144621424026585288e+00 1.757654367683816114e-21
3.226864748158893015e+00 1.966373946966445269e-21
3.311259035301454823e+00 1.955191383459312598e-21
3.397860540985277567e+00 2.204124771114421933e-21
3.486726992028787553e+00 2.199237446934619835e-21
3.577917625017322134e+00 2.484986843990315132e-21
3.671493225789070003e+00 2.471667827822258355e-21
3.767516169953673000e+00 2.795498504541872330e-21
3.866050464470580206e+00 2.774542371778782505e-21
3.967161790314751357e+00 3.140534283990508183e-21
4.070917546258302266e+00 3.110226742686926453e-21
4.177386893797150336e+00 3.522487150175111926e-21
4.286640803252710796e+00 3.480860856664599561e-21
4.398752101079227650e+00 3.944012540294774603e-21
4.513795518408458385e+00 3.807029812860792833e-21
4.631847740863919149e+00 4.297770367537520018e-21
4.752987459678017501e+00 4.220316479018270757e-21
4.877295424145981606e+00 4.614937749150464671e-21
5.004854495451752427e+00 4.479514407473699076e-21
5.135749701901558772e+00 5.122943721840119051e-21
5.270068295602115427e+00 4.991905727400611178e-21
5.407899810621056957e+00 5.715971106214954154e-21
5.549336122668581339e+00 5.556705916944254793e-21
5.694471510339939258e+00 6.367711607642595644e-21
5.843402717959634174e+00 6.174353136248596102e-21
5.996229020069284488e+00 7.080508484414751212e-21
6.153052287601961545e+00 6.845368984902898639e-21
6.313977055787351134e+00 7.847773282941819310e-21
6.479110593832801079e+00 7.137428097021162570e-21
6.648562976426870996e+00 8.096186608047485955e-21
6.822447157112818239e+00 6.983190433592683237e-21
7.000879043581206496e+00 8.128332464502435362e-21
7.183977574931610377e+00 7.690061036919771637e-21
7.371864800955082231e+00 9.001243082954375655e-21
7.564665963489988876e+00 8.498696706534746175e-21
7.762509579905764845e+00 9.953071223191052648e-21
7.965527528769960952e+00 9.359087012598360184e-21
8.173855137755909439e+00 1.018978636945165674e-20
8.387631273849329716e+00 9.446495356428488291e-21
8.606998435914318790e+00 1.124062045996741182e-20
8.832102849680191881e+00 1.040514223399161759e-20
9.063094565212685083e+00 1.079651872044960585e-20
9.300127556934183914e+00 9.538904810701759410e-21
9.543359826260058298e+00 1.175716197690082275e-20
9.792953506919168660e+00 9.429332343281132424e-21
1.004907497302903252e+01 9.702891825663705039e-21
1.031189494999733292e+01 1.191545003098696709e-20
1.058158862832411806e+01 1.327061142944701556e-20
1.085833578038021230e+01 1.176218634521574550e-20
1.114232088023994471e+01 1.408631953540958954e-20
1.143373322664772296e+01 1.154017741724741027e-20
1.173276706920084145e+01 1.048653694806407888e-20
1.203962173783230583e+01 1.126574121479119833e-20
1.235450177568024088e+01 1.114430820304266884e-20
1.267761707543209404e+01 1.276049586842954827e-20
1.300918301923494624e+01 1.128537326907673306e-20
1.334942062226487636e+01 1.347274705546815464e-20
1.369855668005132365e+01 1.012128318051517729e-20
1.405682391965425815e+01 9.880977652627448462e-21
1.442446115479545554e+01 1.186171126838809962e-20
1.480171344504685038e+01 1.037977861121502260e-20
1.518883225918243696e+01 1.054809949830682529e-20
1.558607564280209701e+01 1.355555189440672001e-20
1.599370839033972480e+01 8.925494604529858410e-21
1.641200222156978938e+01 9.788265153215644780e-21
1.684123596273039425e+01 9.798387905074241086e-21
1.728169573238303869e+01 8.019360057367325461e-21
1.773367513213360169e+01 7.933017383359181158e-21
1.819747544234120440e+01 7.388790252314223377e-21
1.867340582294574958e+01 6.850737837182662656e-21
1.916178351954751236e+01 6.246283789691191921e-21
1.966293407487678735e+01 8.316407313426378666e-21
2.017719154579405583e+01 7.435653564956754835e-21
2.070489872596569825e+01 6.294452674800847980e-21
2.124640737436311966e+01 5.734924143783196508e-21
2.180207844973833531e+01 5.272844179937623799e-21
2.237228235123173903e+01 7.889924488290211668e-21
2.295739916527285018e+01 4.805198876754901727e-21
2.355781891893803959e+01 4.211932012550792468e-21
2.417394183993485868e+01 5.619763977497487218e-21
2.480617862338569779e+01 2.881890983615207806e-21
2.545495070558906292e+01 3.633248990791864263e-21
2.612069054494022780e+01 3.595648272115845407e-21
2.680384191019946982e+01 3.434673551027227809e-21
2.750486017629930302e+01 2.410933048378363700e-21
2.822421262788842355e+01 2.699226557395406971e-21
2.896237877081392753e+01 2.459935567920597043e-21
2.971985065175045548e+01 1.831050751287961853e-21
3.049713318618848490e+01 1.857793241255808486e-21
3.129474449500104427e+01 2.073074487206980191e-21
3.211321624981231082e+01 1.356518381675652220e-21
3.295309402739940197e+01 9.516293447721933303e-22
3.381493767336277756e+01 6.275896178990130262e-22
3.469932167530827627e+01 1.039404866491586812e-21
3.560683554578856302e+01 8.075904203467239533e-22
3.653808421526061778e+01 5.133287789694105249e-22
3.749368843532001705e+01 5.167720779540082914e-22
3.847428519248175149e+01 3.168201918448997834e-22
3.948052813278214757e+01 3.417082417547377488e-22
4.051308799748644418e+01 3.633875426119932023e-22
4.157265307019121536e+01 2.322960084848785578e-22
4.265992963562074181e+01 1.741466137369287397e-22
4.377564245042160707e+01 1.735420292972492327e-22
4.492053522627124806e+01 1.463272347872064497e-22
4.609537112562097860e+01 1.416000864622112153e-22
4.730093327040506068e+01 7.369807200111447095e-23
4.853802526405348772e+01 6.946533273729110960e-23
4.980747172715815196e+01 2.377135157621588597e-23
5.111011884714815778e+01 4.973468921112863585e-23
5.244683494234170951e+01 3.482501458213295302e-23
5.381851104074896597e+01 2.769571112962536633e-23
5.522606147401380383e+01 2.021088078854771305e-23
5.667042448688862066e+01 1.061110419506029151e-23
5.815256286264983032e+01 9.824800419214073814e-24
5.967346456486913553e+01 9.084836492711068488e-24
6.123414339597056255e+01 6.023991535741840326e-24
6.283563967301051179e+01 6.563477415311967545e-24
6.447902092113261574e+01 3.428789227362629092e-24
6.616538258515775794e+01 1.712160994671749562e-24
6.789584875978599143e+01 1.485886391917613560e-24
6.967157293889519565e+01 1.326154291651348396e-24
7.149373878443731201e+01 8.551771494967738277e-25
7.336356091544284652e+01 5.085723498784697685e-25
7.528228571766186406e+01 3.235188340320442221e-25
7.725119217437938346e+01 2.057183252320780076e-25
7.927159271896049120e+01 1.137313119443814237e-25
8.134483410969097861e+01 7.218707484150793819e-26
8.347229832749997058e+01 4.629553639824843978e-26
8.565540349716020785e+01 3.009825691381650377e-26
8.789560483258206602e+01 1.751255715702251610e-26
9.019439560682891965e+01 1.104511744608030910e-26
9.255330814750342938e+01 6.591960458630988984e-27
9.497391485816595491e+01 4.063416036141312869e-27
9.745782926646782585e+01 2.476210312059843011e-27
1.000067070996951912e+02 1.432347171354235722e-27
1.026222473884442650e+02 8.138882362444292014e-28
1.053061935991604372e+02 4.316331811145227473e-28
1.080603347962987471e+02 5.004852836390007702e-41
