# label=highfre pure binary template
# rate_model=remnant_cloud_effective
# r0_gpc3_yr=1.0000000000000000e+00
# r_eff0_gpc3_yr=1.0000000000000000e+00
# rate_evolution=constant
# z_model=1.0000000000000000e+01
# f_ret=1.0000000000000000e+00
# f_2g=1.0000000000000000e+00
# f_cloud=1.0000000000000000e+00
# f_duty=1.0000000000000000e+00
# remnant_spin=6.9999999999999996e-01
# spin_model=GerosaBerti2017
# kerr_m_omega_h=2.0418368367551071e-01
# cloud_azimuthal_m=0
# superradiant_spin_threshold=nan
# nu_cut_hz=1.3085122500000000e+02
# characteristic_mass_msun=5.0500000000000000e-01
# columns=frequency_hz omega_gw
7.260477239435371259e-04 8.252744984297415329e-44
7.438713956314961040e-04 9.701815243769109419e-43
7.621326188218751447e-04 1.976079255089086773e-42
7.808421349219799631e-04 3.112068694504238890e-42
8.000109490288288090e-04 4.391054302798594321e-42
8.196503364024489754e-04 5.827085271039628007e-42
8.397718490980779884e-04 7.673379205041322127e-42
8.603873227611825818e-04 9.485625136269890204e-42
8.815088835892830434e-04 1.150585808548126614e-41
9.031489554646911916e-04 1.375379765380405437e-41
9.253202672623404975e-04 1.625087125828931506e-41
9.480358603370206590e-04 1.902035430143282756e-41
9.713090961944102460e-04 2.242960707750409312e-41
9.951536643504337466e-04 2.584331818904264007e-41
1.019583590383547726e-03 2.961326350802304603e-41
1.044613244184708703e-03 3.377182988335390728e-41
1.070257348409860230e-03 3.835414235668148573e-41
1.096530987139931286e-03 4.339828525521103059e-41
1.123449614753417982e-03 4.943719051115851660e-41
1.151029065016782567e-03 5.556304237622411330e-41
1.179285560398004879e-03 6.228712498747296963e-41
1.208235721608784223e-03 6.966205396894223824e-41
1.237896577380978580e-03 7.774480328444185907e-41
1.268285574483052564e-03 8.659705192068532020e-41
1.299420587982410939e-03 9.699174311573069425e-41
1.331319931759672318e-03 1.076328161208894570e-40
1.364002369281046290e-03 1.192632656753636773e-40
1.397487124635165678e-03 1.319677890036986661e-40
1.431793893840855062e-03 1.458379742197899752e-40
1.466942856432504935e-03 1.609683487207539159e-40
1.502954687329840101e-03 1.784393593369562331e-40
1.539850568999086072e-03 1.963847515571938511e-40
1.577652203912677676e-03 2.158721119672851501e-40
1.616381827314831944e-03 2.370235578855283762e-40
1.656062220300518525e-03 2.599703550176817748e-40
1.696716723215489038e-03 2.848532200017694394e-40
1.738369249385262249e-03 3.132764437315348845e-40
1.781044299181157135e-03 3.425883534811089886e-40
1.824766974431613108e-03 3.743318167069131409e-40
1.869562993187301242e-03 4.086951518073835938e-40
1.915458704848703149e-03 4.458805018120250394e-40
1.962481105665046018e-03 4.861044390753129580e-40
2.010657854613737312e-03 5.316772056656986299e-40
2.060017289669604634e-03 5.788229841060473018e-40
2.110588444473537450e-03 6.297668035560204250e-40
2.162401065410314745e-03 6.847968646622098976e-40
2.215485629105694732e-03 7.441690302855160857e-40
2.269873360353016900e-03 8.080475915112035781e-40
2.325596250479898628e-03 8.796992128907719385e-40
2.382687076165794678e-03 9.537186823127487660e-40
2.441179418721536529e-03 1.033256291130691571e-39
2.501107683842135072e-03 1.118695300327755083e-39
2.562507121844505732e-03 1.210443352096427692e-39
2.625413848402011023e-03 1.308934151938162412e-39
2.689864865787994393e-03 1.418830725161930999e-39
2.755898084640849566e-03 1.532475627602300186e-39
2.823552346263375618e-03 1.654356854903303883e-39
2.892867445469552226e-03 1.785033107497680039e-39
2.963884153992205235e-03 1.924913672581027021e-39
3.036644244465278985e-03 2.074262501098070870e-39
3.111190514994857312e-03 2.239581258933284752e-39
3.187566814333377390e-03 2.410005829482187141e-39
3.265818067671828404e-03 2.591790178806201459e-39
3.345990303065151175e-03 2.785631770148180651e-39
3.428130678506322460e-03 2.992274345137350927e-39
3.512287509665080760e-03 3.212499544615705333e-39
3.598510298307632579e-03 3.455388242043638065e-39
3.686849761414003317e-03 3.705585174818651729e-39
3.777357861010199620e-03 3.971148380415833943e-39
3.870087834732719497e-03 4.252892087691938161e-39
3.965094227143371557e-03 4.551741772110755059e-39
4.062432921812870329e-03 4.868665554666365124e-39
4.162161174192025546e-03 5.216036104408112961e-39
4.264337645289864066e-03 5.572812009990692809e-39
4.369022436178570876e-03 5.950884664069228725e-39
4.476277123345429217e-03 6.350726819890475116e-39
4.586164794912642867e-03 6.773071413825544266e-39
4.698750087746312622e-03 7.219138449370769751e-39
4.814099225476371584e-03 7.705572557670433791e-39
4.932280057449919645e-03 8.203761535707070501e-39
5.053362098640775714e-03 8.729736918142578129e-39
5.177416570538754918e-03 9.284594604451872648e-39
5.304516443042812945e-03 9.869029624979619324e-39
5.434736477382494553e-03 1.048459689087783731e-38
5.568153270093180625e-03 1.115331075015903700e-38
5.704845298070805072e-03 1.183714735811886669e-38
5.844892964732615812e-03 1.255730928318942436e-38
5.988378647311185486e-03 1.331492436989444507e-38
6.135386745309381537e-03 1.411169476737704093e-38
6.286003730144876928e-03 1.494969553522828863e-38
6.440318196013383907e-03 1.585741263922328875e-38
6.598420912000492293e-03 1.678543237477129958e-38
6.760404875472851571e-03 1.776074701368574753e-38
6.926365366780005972e-03 1.878567314465308194e-38
7.096400005299080722e-03 1.986274065251054641e-38
7.270608806855378969e-03 2.099453231303948877e-38
7.449094242552510917e-03 2.221673305139980661e-38
7.631961299046785205e-03 2.346661037758683430e-38
7.819317540301256100e-03 2.477913308123622255e-38
8.011273170855738590e-03 2.613866625047356948e-38
8.207941100650104418e-03 2.738820380201177713e-38
8.409437011438850376e-03 2.868805862271908842e-38
8.615879424836053388e-03 3.003979665020885005e-38
8.827389772030900736e-03 3.144490750174013096e-38
9.044092465214415705e-03 3.290477539177299896e-38
9.266114970759879374e-03 3.442080992578199359e-38
9.493587884199598467e-03 3.599431671532788552e-38
9.726645007042280730e-03 3.762650549251165332e-38
9.965423425476285443e-03 3.931851937284699187e-38
1.021006359100485629e-02 4.107142489225025398e-38
1.046070940306087840e-02 4.288617169934704394e-38
1.071750829364979257e-02 4.476357734465524455e-38
1.098061131407031786e-02 4.670425509981125940e-38
1.125017322376415177e-02 4.870869854648969264e-38
1.152635258134675732e-02 5.077723207929198181e-38
1.180931183787293712e-02 5.291001126427967989e-38
1.209921743239187816e-02 5.510697634851175825e-38
1.239623988984807357e-02 5.736783379924038401e-38
1.270055392138550419e-02 5.969190878394748036e-38
1.301233852711426546e-02 6.207830417081548444e-38
1.333177710139991576e-02 6.452575604094798394e-38
1.365905754073765480e-02 6.703269109615184892e-38
1.399437235427459722e-02 6.959715439528638591e-38
1.433791877704534631e-02 7.221676190425279703e-38
1.468989888598726604e-02 7.488853283670108286e-38
1.505051971880392268e-02 7.760911877389343707e-38
1.541999339574637133e-02 8.037456459651063521e-38
1.579853724438414972e-02 8.318038324379754666e-38
1.618637392743915021e-02 8.602306333272287885e-38
1.658373157375779908e-02 8.890563297144524608e-38
1.699084391249834625e-02 9.182438439234734780e-38
1.740795041061234463e-02 9.477393400865891882e-38
1.783529641370119878e-02 9.774829202097445518e-38
1.827313329033048925e-02 1.007409620020742608e-37
1.872171857988715743e-02 1.037445122276985150e-37
1.918131614406631477e-02 1.067507318262047397e-37
1.965219632207701114e-02 1.097501974242472398e-37
2.013463608965798679e-02 1.127327429661653736e-37
2.062891922199724601e-02 1.156873152882256210e-37
2.113533646065096638e-02 1.186021532836379575e-37
2.165418568456024470e-02 1.214640868095767408e-37
2.218577208526593264e-02 1.242587381115714145e-37
2.273040834642502117e-02 1.269699655972423498e-37
2.328841482773371871e-02 1.295806244525835586e-37
2.386011975336586877e-02 1.320724224674621219e-37
2.444585940503710142e-02 1.344423517687983937e-37
2.504597831980871422e-02 1.367027027083243301e-37
2.566082949274721067e-02 1.388381502187629313e-37
2.629077458455910885e-02 1.408313935154417333e-37
2.693618413432275621e-02 1.426646954803247138e-37
2.759743777744267518e-02 1.443192878765165480e-37
2.827492446895424685e-02 1.457743748237830337e-37
2.896904271231049571e-02 1.470074556802357611e-37
2.968020079378509354e-02 1.479960203396299286e-37
3.040881702262995812e-02 1.487157765431267082e-37
3.115531997712819856e-02 1.491399840054602113e-37
3.192014875668765239e-02 1.492404975299591227e-37
3.270375324012276402e-02 1.490429060986003941e-37
3.350659435027728006e-02 1.485872869898820872e-37
3.432914432514284908e-02 1.478540215133457224e-37
3.517188699563361665e-02 1.468228164853152806e-37
3.603531807017951172e-02 1.454753029354793033e-37
3.691994542630631926e-02 1.437909084190773217e-37
3.782628940937352024e-02 1.417466491758827434e-37
3.875488313864582091e-02 1.393223251758290656e-37
3.970627282087857424e-02 1.364951095093626161e-37
4.068101807160110633e-02 1.332950607421902370e-37
4.167969224428751118e-02 1.298397266616446710e-37
4.270288276760788454e-02 1.261256408617985256e-37
4.375119149095903909e-02 1.221397293115575039e-37
4.482523503847730267e-02 1.178748398515169483e-37
4.592564517174227423e-02 1.133185316758607584e-37
4.705306916138415896e-02 1.084592354981269547e-37
4.820817016781411141e-02 1.032972033218050126e-37
4.939162763130063027e-02 9.799627025733960271e-38
5.060413767162231374e-02 9.265197602549896247e-38
5.184641349753126710e-02 8.726284444198228678e-38
5.311918582626877494e-02 8.198469685142609971e-38
5.442320331337920786e-02 7.723058308890801899e-38
5.575923299307581488e-02 7.412716060271901185e-38
5.712806072941657709e-02 7.755459046921076729e-38
5.853049167855637475e-02 1.007985489748340458e-37
5.996735076234648715e-02 1.854459712895168306e-37
6.143948315356087542e-02 4.552768003015541116e-37
6.294775477303381217e-02 1.227908972227717772e-36
6.449305279900212351e-02 3.278725965241426181e-36
6.607628618895075578e-02 8.209602388151323174e-36
6.769838621426960135e-02 1.873325859363383303e-35
6.936030700803498539e-02 3.849249021822688127e-35
7.106302612623915937e-02 7.050299948863868548e-35
7.280754512279680180e-02 1.144874790593412001e-34
7.459489013866783813e-02 1.654157278228723747e-34
7.642611250544215085e-02 2.152311511029720944e-34
7.830228936374190873e-02 2.573748265180071648e-34
8.022452429680455854e-02 2.901386589123577705e-34
8.219394797962040200e-02 3.160077478178414720e-34
8.421171884400487084e-02 3.385823090046585941e-34
8.627902375999831064e-02 3.605664253158014630e-34
8.839707873399257898e-02 3.832912748504609945e-34
9.056712962399697531e-02 4.072878030429690873e-34
9.279045287246223683e-02 4.327415930220816058e-34
9.506835625709496307e-02 4.597068388224965023e-34
9.740217966010332462e-02 4.882941215625315103e-34
9.979329585632776278e-02 5.187173307309298768e-34
1.022431113207184494e-01 5.510757424481720260e-34
1.047530670556361260e-01 5.854827973617664233e-34
1.073246394384614888e-01 6.220206031556731621e-34
1.099593410900136375e-01 6.607199753025593649e-34
1.126587217642861100e-01 7.017577648602163747e-34
1.154243692600256666e-01 7.454244351935570251e-34
1.182579103546885224e-01 7.918576778170440623e-34
1.211610117613254878e-01 8.412168757694509041e-34
1.241353811089563469e-01 8.936239591162031481e-34
1.271827679470119987e-01 9.490993867297525944e-34
1.303049647744339290e-01 1.007934826795962169e-33
1.335038080940380567e-01 1.070523815478739895e-33
1.367811794927609736e-01 1.137055830930546989e-33
1.401390067484255819e-01 1.207751663258226956e-33
1.435792649636759843e-01 1.282787317604463917e-33
1.471039777277504956e-01 1.362173264478930510e-33
1.507152183067735907e-01 1.446359938072046118e-33
1.544151108632689784e-01 1.535882976131537574e-33
1.582058317056095620e-01 1.630999357334616898e-33
1.620896105681414179e-01 1.732011008816352768e-33
1.660687319227320824e-01 1.839161543894069260e-33
1.701455363225164719e-01 1.952454215500901421e-33
1.743224217786303876e-01 2.072556344101198949e-33
1.786018451707404309e-01 2.200192337811953429e-33
1.829863236922026348e-01 2.335711401993493478e-33
1.874784363306964130e-01 2.479508730275579791e-33
1.920808253852074876e-01 2.631917454792104235e-33
1.967961980202498073e-01 2.792918757365141448e-33
2.016273278582441375e-01 2.963484980387961531e-33
2.065770566109856043e-01 3.144579345152896683e-33
2.116482957511631458e-01 3.336668493783150418e-33
2.168440282249118611e-01 3.540243169727908559e-33
2.221673102064085914e-01 3.755746257985128485e-33
2.276212728955387954e-01 3.983099325641438067e-33
2.332091243596955688e-01 4.223696828066379644e-33
2.389341514207911632e-01 4.478788144341108208e-33
2.447997215885952260e-01 4.748947655549235189e-33
2.508092850415318265e-01 5.034805318318920383e-33
2.569663766561043339e-01 5.336859731332193192e-33
2.632746180861387231e-01 5.654901974975434416e-33
2.697377198930732134e-01 5.990919413080576169e-33
2.763594837285406891e-01 6.346447694071704921e-33
2.831438045705334527e-01 6.722136921177955052e-33
2.900946730144613461e-01 7.118755834945440379e-33
2.972161776204556571e-01 7.536761384910820777e-33
3.045125073182939346e-01 7.975659136400067622e-33
3.119879538713648537e-01 8.438270403022110128e-33
3.196469144011189201e-01 8.926308335472854844e-33
3.274938939734944321e-01 9.440432215640142612e-33
3.355335082488347664e-01 9.981480897484055875e-33
3.437704861968596259e-01 1.054965389185841791e-32
3.522096728782841413e-01 1.114400732385245591e-32
3.608560322947267918e-01 1.176833313801787156e-32
3.697146503085764202e-01 1.242440606679337697e-32
3.787907376345400201e-01 1.311644160514110132e-32
3.880896329046299997e-01 1.456638176983081529e-32
3.976168058083915935e-01 1.872189926406585674e-32
4.073778603102232720e-01 2.017307042457057756e-32
4.173785379456748657e-01 2.129335172129972768e-32
4.276247211986684005e-01 2.246945792305704191e-32
4.381224369616239511e-01 2.370426941318071755e-32
4.488778600805314878e-01 2.500043515325245103e-32
4.598973169870463340e-01 2.396413821160560671e-26
4.711872894197512429e-01 1.062674070207143278e-24
4.827544182367682901e-01 1.131058755681331133e-24
4.946055073219713938e-01 1.210720377984252232e-24
5.067475275870866325e-01 1.276607488280765955e-24
5.191876210720433038e-01 1.367069831870550110e-24
5.319331051459802451e-01 1.440864481066381989e-24
5.449914768113885977e-01 1.543586599540658878e-24
5.583704171139100003e-01 1.626225850835888786e-24
5.720777956603944059e-01 1.742844830894374157e-24
5.861216752478678460e-01 1.835391668291674618e-24
6.005103166061416253e-01 1.967743430699713774e-24
6.152521832568420557e-01 2.071403729493165632e-24
6.303559464917271038e-01 2.221613887059317072e-24
6.458304904732119489e-01 2.337687535462693159e-24
6.616849174601123762e-01 2.507963552930153966e-24
6.779285531616692229e-01 2.638099165011180402e-24
6.945709522230107957e-01 2.831043965357225844e-24
7.116219038452746837e-01 2.976977368909870755e-24
7.290914375437025363e-01 3.195347843396353492e-24
7.469898290470847746e-01 3.359201360471189567e-24
7.653276063420327846e-01 3.605299698476828609e-24
7.841155558656273117e-01 3.790254703244345190e-24
8.033647288500981309e-01 4.066082842753417656e-24
8.230864478232490233e-01 4.276295704852761322e-24
8.432923132684672085e-01 4.585380310018728396e-24
8.639942104482263296e-01 4.824234678940187066e-24
8.852043163950967797e-01 5.170502693274939479e-24
9.069351070743846277e-01 5.441818174268140248e-24
9.291993647225980091e-01 6.133305795121286964e-24
9.520101853660689617e-01 6.949502362060786226e-24
9.753809865241446220e-01 7.434435512245213972e-24
9.993255151014918125e-01 7.837019207749406482e-24
1.023857855474140210e+00 8.379399734293751161e-24
1.048992437774034281e+00 8.837421401598276513e-24
1.074744046376955975e+00 9.447436821594430050e-24
1.101127828598827074e+00 9.967580136297499368e-24
1.128159303605485109e+00 1.064859066148713177e-23
1.155854371541191750e+00 1.123476019975542519e-23
1.184229322881228619e+00 1.199566020057702939e-23
1.213300848014100763e+00 1.266174794957936580e-23
1.243086047058960419e+00 1.351637676632400560e-23
1.273602439924046426e+00 1.427135504101350999e-23
1.304867976612038349e+00 1.522363836318674791e-23
1.336901047778408458e+00 1.607301955778457255e-23
1.369720495548957251e+00 1.713522742461627878e-23
1.403345624602915676e+00 2.651512911659982913e-23
1.437796213528115929e+00 2.741043553251235363e-23
1.473092526454934825e+00 2.900261915321564586e-23
1.509255324975822043e+00 3.170880044154587206e-23
1.546305880357448759e+00 3.456352821696316004e-23
1.584265986052642683e+00 3.670593480608380629e-23
1.623157970519491400e+00 3.785140661676216789e-23
1.663004710355126647e+00 3.903800640229332474e-23
1.703829643751936684e+00 4.144617716501949233e-23
1.745656784284104202e+00 4.525123844517188997e-23
1.788510735032605936e+00 4.935632972639540639e-23
1.832416703056948037e+00 5.217801534838779956e-23
1.877400514222175687e+00 8.209836038930920720e-23
1.923488628389868005e+00 8.326501099892303179e-23
1.970708154982047766e+00 7.978532007632365505e-23
2.019086868927186362e+00 7.973648781260395207e-23
2.068653226997645866e+00 8.935779398437471341e-23
2.119436384548198049e+00 1.048889158231081743e-22
2.171466212665446704e+00 1.168939059450319499e-22
2.224773315738266977e+00 1.177884497320739744e-22
2.279389049459559669e+00 1.125289047688247570e-22
2.335345539269942261e+00 1.647066610882588392e-22
2.392675699254196875e+00 1.823393815946560630e-22
2.451413251501631585e+00 1.837209627478743546e-22
2.511592745941690019e+00 1.806506662850343910e-22
2.573249580666520320e+00 1.828225753892438209e-22
2.636420022752425041e+00 2.021344832043034861e-22
2.701141229592479931e+00 2.345626500810962665e-22
2.767451270752818715e+00 2.578030989796027284e-22
2.835389150365483335e+00 2.680701219225738480e-22
2.904994830070975365e+00 2.628903980820419966e-22
2.976309252524051097e+00 2.990720162460431138e-22
3.049374365476527959e+00 3.790322103031633518e-22
3.124233146451318444e+00 4.313200941928029711e-22
3.200929628022160411e+00 4.117773107635778580e-22
3.279508923713974511e+00 3.781682809336597490e-22
3.360017254539009013e+00 4.012736102723557586e-22
3.442501976184442647e+00 5.272220597044288755e-22
3.527011606867388238e+00 6.537930886555329450e-22
3.613595855873743989e+00 6.542877244879034500e-22
3.702305652797605262e+00 5.790661265132907510e-22
3.793193177498489721e+00 6.133568508415109005e-22
3.886311890793980428e+00 5.818754124944863223e-22
3.981716565905819127e+00 7.530175325510910272e-22
4.079463320678005545e+00 9.281233050982653550e-22
4.179609650585776492e+00 9.773617889449612204e-22
4.282214462554944312e+00 1.043275790245310792e-21
4.387338109611436110e+00 9.813221272475971557e-22
4.495042426381480993e+00 8.574999857238104214e-22
4.605390765463252656e+00 1.067697270505170345e-21
4.718448034691414605e+00 1.404651663108864077e-21
4.834280735316442978e+00 1.384816643739174283e-21
4.952957001121260028e+00 1.461740458534237358e-21
5.074546638498084405e+00 1.333448510214369092e-21
5.199121167509159314e+00 9.736283550178697145e-22
5.326753863955444146e+00 1.406877159728686376e-21
5.457519802478092430e+00 1.730258103253772466e-21
5.591495900717977641e+00 1.801390238318841012e-21
5.728760964559318047e+00 1.855475082997537345e-21
5.869395734483948246e+00 1.579578750973964264e-21
6.013482933063589719e+00 1.482239660045240443e-21
6.161107313617953274e+00 2.229556466009782799e-21
6.312355710067376613e+00 2.480333042064658911e-21
6.467317088009254533e+00 2.566869650343379029e-21
6.626082597048393197e+00 2.628024802823045506e-21
6.788745624411968826e+00 2.247366831139274645e-21
6.955401849880698428e+00 2.236920745781772299e-21
7.126149302068479408e+00 3.212271069039455078e-21
7.301088416083696409e+00 3.513172783507104752e-21
7.480322092605987905e+00 3.686941230347479483e-21
7.663955758413275809e+00 3.759692605784712348e-21
7.852097428394779755e+00 3.130801363555712513e-21
8.044857769086176447e+00 3.202780435270674764e-21
8.242350163764733395e+00 4.618340376820237924e-21
8.444690779142199233e+00 5.064816906253831057e-21
8.651998633695109575e+00 5.246979312655375313e-21
8.864395667672521739e+00 5.250536752793620151e-21
9.082006814822202401e+00 4.329788670566464518e-21
9.304960075877778181e+00 4.594322178982125332e-21
9.533386593849916935e+00 6.554197339715331886e-21
9.767420731165630698e+00 7.100779685080267449e-21
1.000720014870156049e+01 7.363103857260852310e-21
1.025286588675713340e+01 7.155920061373498802e-21
1.050456244801574002e+01 5.767621798363511823e-21
1.076243788254249800e+01 6.328297577264232073e-21
1.102664387486844610e+01 9.045600743692647247e-21
1.129733583321273649e+01 9.667401103639635143e-21
1.157467298089514784e+01 1.003624837168888799e-20
1.185881844999243739e+01 9.768243903324637930e-21
1.214993937729421170e+01 1.114688420220908126e-20
1.244820700261404234e+01 1.151366027446789465e-20
1.275379676951425445e+01 1.098921872904264538e-20
1.306688842850341281e+01 9.386727711142797910e-21
1.338766614276694078e+01 1.332864522439587409e-20
1.371631859649356322e+01 7.978636837774640235e-21
1.405303910586103022e+01 1.791926832314702931e-20
1.439802573274615760e+01 1.698970057889761368e-20
1.475148140122673368e+01 1.314193430719021620e-20
1.511361401694299289e+01 1.314415355636729968e-20
1.548463658938957366e+01 1.836599761619059863e-20
1.586476735720961351e+01 1.623699679928748377e-20
1.625422991656439464e+01 1.710374357443972445e-20
1.665325335265461604e+01 1.761884054507774672e-20
1.706207237447033975e+01 1.691007374450532447e-20
1.748092745284861849e+01 2.601543742602097861e-20
1.791006496192074593e+01 1.651815073892894747e-20
1.834973732403138413e+01 2.056464508157172514e-20
1.880020315821564481e+01 2.542563872778132136e-20
1.926172743232112694e+01 2.176926010271794058e-20
1.973458161886400930e+01 3.204152008944324882e-20
2.021904385471178855e+01 3.142740834568984860e-20
2.071539910468550616e+01 2.267655851433703612e-20
2.122393932917858805e+01 2.118211880183625137e-20
2.174496365589057945e+01 2.805184563950005363e-20
2.227877855577635202e+01 2.399566990358763081e-20
2.282569802331504860e+01 2.912306325394896410e-20
2.338604376120447270e+01 2.685278359389489681e-20
2.396014536958903207e+01 3.019217426328220177e-20
2.454834053993372578e+01 3.683749528640361297e-20
2.515097525365681008e+01 2.848878764866823496e-20
2.576840398563917489e+01 1.895509733275370809e-20
2.640098991272964213e+01 2.885890250791241073e-20
2.704910512736837802e+01 2.846757847836685217e-20
2.771313085645498830e+01 2.839850682817983323e-20
2.839345768558961680e+01 3.186747759224244070e-20
2.909048578881832725e+01 4.258521383930380860e-20
2.980462516401934181e+01 2.605125591350159588e-20
3.053629587406690504e+01 4.140905836615165542e-20
3.128592829391600105e+01 3.139077611039505797e-20
3.205396336375277855e+01 3.159254386282185913e-20
3.284085284835896346e+01 4.194255731933229183e-20
3.364705960284390329e+01 2.710439914549935648e-20
3.447305784490015412e+01 3.622715517129218669e-20
3.531933343374185341e+01 2.651929854351102922e-20
3.618638415589183666e+01 2.943357165981382630e-20
3.707472001798340955e+01 3.251080590658521633e-20
3.798486354675080889e+01 2.954874694617918237e-20
3.891735009638413345e+01 3.979402854598021865e-20
3.987272816342869675e+01 4.168705625729162577e-20
4.085155970941600145e+01 3.134354664283321593e-20
4.185442049141376941e+01 2.677426147796425637e-20
4.288190040069136444e+01 2.734030440119008260e-20
4.393460380969916201e+01 3.550708028063727403e-20
4.501314992756505262e+01 3.119028109114045954e-20
4.611817316431876890e+01 2.105881856753442440e-20
4.725032350405761861e+01 2.075730549203541071e-20
4.841026688727196614e+01 2.575688331834571198e-20
4.959868560255788594e+01 2.030254644364669812e-20
5.081627868794448233e+01 2.581129548687653729e-20
5.206376234207429121e+01 2.315656125107071606e-20
5.334187034547773720e+01 2.182770182419734424e-20
5.465135449218852415e+01 2.731340710761395092e-20
5.599298503195555554e+01 2.296409843100498845e-20
5.736755112331077555e+01 1.594172517234030033e-20
5.877586129775816204e+01 1.976940409546330156e-20
6.021874393535978243e+01 1.832789711245756198e-20
6.169704775199517144e+01 1.528487205538540084e-20
6.321164229858362660e+01 1.359476216312965286e-20
6.476341847256186668e+01 1.658310549413854414e-20
6.635328904191669608e+01 1.313860727517076301e-20
6.798218918208335992e+01 1.139330410969420694e-20
6.965107702602412587e+01 1.096956950120514486e-20
7.136093422780922424e+01 1.222195579770248286e-20
7.311276654003540898e+01 8.462567003650786661e-21
7.490760440541708931e+01 9.481029512024046292e-21
7.674650356290199227e+01 7.395430412179186222e-21
7.863054566866635753e+01 6.756026525241676499e-21
8.056083893235327764e+01 6.988106945340882575e-21
8.253851876893163819e+01 4.983689461801396258e-21
8.456474846655734723e+01 5.195497154324618942e-21
8.664071987082814985e+01 5.050252819281600671e-21
8.876765408583882788e+01 3.722386199791052390e-21
9.094680219244374086e+01 3.768940328048527832e-21
9.317944598415385826e+01 2.721831799636628942e-21
9.546689872109914177e+01 2.816779663524225903e-21
9.781050590249809318e+01 1.953232354017352322e-21
1.002116460580933648e+02 2.026675588496951316e-21
1.026717315590133950e+02 1.402435132252292921e-21
1.051922094485416892e+02 1.451000036952124447e-21
1.077745622932807379e+02 9.951723185892074526e-22
1.104203090552090174e+02 1.021703771918482459e-21
1.131310059851479934e+02 6.915506991578253506e-22
1.159082475381628967e+02 6.979747228584518987e-22
1.187536673114331620e+02 4.252055924851514139e-22
1.216689390051500652e+02 4.409772495174302903e-22
1.246557774069998743e+02 2.119649931609989713e-22
1.277159394008171631e+02 2.196174036275452421e-22
1.308512249999999710e+02 5.056589446148728786e-47
