# label=highfre644 axion+backreaction
# source_module=highfre644
# source_component=axion_backreaction_total
# source_transition_family=bohr
# source_frequency_frame=observer
# source_redshift=0.0000000000000000e+00
# source_luminosity_distance_m=3.0856775814913671e+19
# rate_model=remnant_cloud_effective
# r0_gpc3_yr=1.0000000000000000e+00
# r_eff0_gpc3_yr=1.0000000000000000e+00
# rate_evolution=constant
# z_model=1.0000000000000000e+01
# f_ret=1.0000000000000000e+00
# f_2g=1.0000000000000000e+00
# f_cloud=1.0000000000000000e+00
# f_duty=1.0000000000000000e+00
# remnant_spin=6.9999999999999996e-01
# spin_model=GerosaBerti2017
# kerr_m_omega_h=2.0418368367551071e-01
# cloud_azimuthal_m=4
# superradiant_spin_threshold=2.9339853300733498e-01
# nu_cut_hz=3.2925508496272931e+02
# characteristic_mass_msun=5.0500000000000000e-01
# hubble_h0_si=2.1953038906696129e-18
# rho_c_energy_density_si=7.7465150935130668e-10
# omega_gw_formula=f_over_rho_c_H0_integral_R_eff_dE_dnu_over_1plusz_Ez
# single_event_spectrum_frame=local_source_z0
# energy_spectrum_prefactor=two_pi_squared_c_cubed_over_G
# source_angle_average_factor=5.3333333333333333e-01
# single_event_fourier_convention=h_tilde_integral_h_exp_minus_2pi_i_f_t_dt
# columns=frequency_hz omega_gw
8.690129035871911340e-04 5.815905726859904260e-42
8.916729591044282935e-04 6.807541414694951648e-41
9.149238897558833322e-04 1.379647759152431572e-40
9.387811029806058909e-04 2.303162609363566831e-40
9.632604079762643878e-04 3.185595669280642786e-40
9.883780261752540645e-04 4.328484869139632653e-40
1.014150601993976056e-03 5.429953837746617338e-40
1.040595213862408530e-03 6.833212087829095109e-40
1.067729385541284562e-03 8.195289196029476141e-40
1.095571097734367736e-03 9.906806319561567394e-40
1.124138800003532390e-03 1.157811131960957120e-39
1.153451422994526340e-03 1.365376288302126403e-39
1.183528390981538041e-03 1.569108304860107848e-39
1.214389634738866248e-03 1.819598589352419489e-39
1.246055604748227659e-03 2.066556590801385740e-39
1.278547284750452488e-03 2.367552244013858527e-39
1.311886205650550580e-03 2.665454879591313406e-39
1.346094459785359678e-03 3.025770710498162920e-39
1.381194715563231583e-03 3.383601497818274344e-39
1.417210232485457879e-03 3.813477547200790731e-39
1.454164876559387552e-03 4.241680977327274115e-39
1.492083136113454009e-03 4.753001302423468148e-39
1.530990138024584685e-03 5.263707948525057981e-39
1.570911664368754594e-03 5.870251443342241426e-39
1.611874169505710368e-03 6.477536119677090639e-39
1.653904797609190161e-03 7.195263774621350784e-39
1.697031400654260957e-03 7.915441300023041874e-39
1.741282556873671337e-03 8.762821145061385825e-39
1.786687589695482459e-03 9.614447033590899347e-39
1.833276587174501081e-03 1.061183619890916959e-38
1.881080421930398858e-03 1.161565528521179220e-38
1.930130771605734772e-03 1.278703427619828080e-38
1.980460139857428883e-03 1.396779244994781266e-38
2.032101877895604869e-03 1.534105720544315678e-38
2.085090206584070543e-03 1.672728424267390099e-38
2.139460239117082184e-03 1.822494056705270347e-38
2.195248004287418848e-03 1.995910736303040941e-38
2.252490470361187287e-03 2.171289734636121950e-38
2.311225569575178340e-03 2.373801307479016543e-38
2.371492223273004036e-03 2.578842735436685191e-38
2.433330367696679569e-03 2.814991175768298095e-38
2.496780980450731980e-03 3.054347338899025487e-38
2.561886107656382271e-03 3.329343614232062339e-38
2.628688891813783964e-03 3.608775046061365957e-38
2.697233600390790305e-03 3.935593369539376506e-38
2.767565655157201970e-03 4.278111459077294902e-38
2.839731662283894245e-03 4.681094431949019627e-38
2.913779443226830260e-03 5.107683778953978766e-38
2.989758066416375783e-03 5.609609372175010796e-38
3.067717879772939148e-03 6.146388573898024796e-38
3.147710544070473314e-03 6.778013900793505266e-38
3.229789067169955633e-03 7.460424266532359467e-38
3.314007839145524659e-03 8.263491447766278801e-38
3.400422668326552687e-03 9.139834667392228361e-38
3.489090818279541595e-03 1.017141238520547743e-37
3.580071045754338894e-03 1.131736374504395832e-37
3.673423639619830070e-03 1.268457685309530612e-37
3.769210460814901697e-03 1.422989687886029530e-37
3.867494983341147191e-03 1.607880118805203883e-37
3.968342336324500938e-03 1.819431942370634549e-37
4.071819347173618805e-03 2.073198969121286990e-37
4.177994585863681332e-03 2.366751673747108781e-37
4.286938410374899547e-03 2.719694864328790437e-37
4.398723013315866855e-03 3.131417682639493696e-37
4.513422469762643288e-03 3.623594722286980217e-37
4.631112786345273347e-03 4.197252329496981513e-37
4.751871951614263477e-03 4.882489021722003442e-37
4.875779987720400485e-03 5.685268242249798112e-37
5.002919003442153449e-03 6.644484367669325326e-37
5.133373248595793359e-03 7.773018657808540851e-37
5.267229169864296248e-03 9.111669517823745604e-37
5.404575468082019329e-03 1.069814251082669147e-36
5.545503157013105880e-03 1.255360196524349502e-36
5.690105623662581637e-03 1.474658342687347187e-36
5.838478690160092514e-03 1.731475387643673180e-36
5.990720677257305518e-03 2.034773080268095290e-36
6.146932469481045103e-03 2.390049628619275104e-36
6.307217581985329231e-03 2.806173007327771764e-36
6.471682229146626456e-03 3.289728773156444786e-36
6.640435394947759480e-03 3.854451932265667222e-36
6.813588905197155710e-03 4.510564840215019244e-36
6.991257501631186963e-03 5.275757678026244226e-36
7.173558917948842824e-03 6.159660889609939569e-36
7.360613957829021184e-03 7.181316146768430640e-36
7.552546574982181050e-03 8.357695855230193600e-36
7.749483955289381172e-03 9.715461005503831828e-36
7.951556601083157455e-03 1.127535011022505310e-35
8.158898417626068642e-03 1.306216951869663044e-35
8.371646801844226382e-03 1.510195880188551126e-35
8.589942733374610756e-03 1.743391215279713053e-35
8.813930867986491044e-03 2.009085686151891731e-35
9.043759633438907403e-03 2.310911463624010957e-35
9.279581327837616717e-03 2.652818888285456181e-35
9.521552220556839252e-03 3.040409792739380388e-35
9.769832655792565212e-03 3.477043197634655542e-35
1.002458715881608502e-02 3.968909922582398786e-35
1.028598454499812104e-02 4.522727351577381698e-35
1.055419803167590050e-02 5.145693775969803858e-35
1.082940535293714854e-02 5.844470277868646114e-35
1.111178887739720095e-02 6.627438055995303194e-35
1.140153572904722967e-02 7.504071257334918006e-35
1.169883791125360742e-02 8.483709618030161060e-35
1.200389243399069966e-02 9.577395702950979829e-35
1.231690144439129102e-02 1.079754083182243750e-34
1.263807236070121388e-02 1.215715558077689515e-34
1.296761800972691392e-02 1.367115583867837271e-34
1.330575676786706005e-02 1.535607107110469150e-34
1.365271270582162598e-02 1.723002884073032562e-34
1.400871573707439081e-02 1.931322490434661588e-34
1.437400177024714121e-02 2.162831421605889054e-34
1.474881286542667654e-02 2.420012223512128210e-34
1.513339739456811064e-02 2.705647529368332371e-34
1.552801020608077405e-02 3.022835082512257511e-34
1.593291279370582722e-02 3.374980194499675545e-34
1.634837346979743991e-02 3.765938232302250698e-34
1.677466754312240127e-02 4.199905814852683028e-34
1.721207750129594496e-02 4.681657176207521229e-34
1.766089319797474466e-02 5.216394723494964011e-34
1.812141204493102759e-02 5.810029542692105120e-34
1.859393920913517129e-02 6.469035071923412370e-34
1.907878781497737708e-02 7.200740179151581109e-34
1.957627915176234079e-02 8.013232919645127187e-34
2.008674288661453297e-02 8.915588872131901775e-34
2.061051728293508689e-02 9.917950553815461596e-34
2.114794942455508128e-02 1.103154668422321207e-33
2.169939544573382117e-02 1.226903027147753176e-33
2.226522076715434922e-02 1.364439401616206004e-33
2.284580033807281224e-02 1.517330644361676217e-33
2.344151888478194362e-02 1.687326503562160044e-33
2.405277116555342570e-02 1.876380119130940353e-33
2.467996223222802474e-02 2.086673747835741950e-33
2.532350769862683551e-02 2.320663965638403539e-33
2.598383401596153497e-02 2.581101339065498792e-33
2.666137875542612390e-02 2.871072680768139072e-33
2.735659089815747208e-02 3.194044091764190401e-33
2.806993113275664184e-02 3.553906062224055595e-33
2.880187216056839805e-02 3.955009312266472594e-33
2.955289900892101376e-02 4.402207685102865629e-33
3.032350935253401089e-02 4.900934244552506482e-33
3.111421384330678372e-02 5.457283755526459858e-33
3.192553644870671503e-02 6.078109760273847537e-33
3.275801479898091118e-02 6.771131803263100092e-33
3.361220054342182323e-02 7.545071023817160446e-33
3.448865971592250668e-02 8.409750042271063956e-33
3.538797311006416924e-02 9.376222923933929520e-33
3.631073666398428046e-02 1.045687375986146908e-32
3.725756185528030645e-02 1.166558748090789519e-32
3.822907610621092273e-02 1.301795544208056782e-32
3.922592319946297673e-02 1.453158634250632158e-32
4.024876370475995169e-02 1.622642835636214584e-32
4.129827541659437939e-02 1.812512667683625639e-32
4.237515380337460169e-02 2.025320498608199600e-32
4.348011246828306642e-02 2.263929601113814619e-32
4.461388362215196191e-02 2.531544582948224033e-32
4.577721856866934225e-02 2.831772749695199509e-32
4.697088820223729172e-02 3.168705951418118565e-32
4.819568351881206580e-02 3.547002298770034281e-32
4.945241614006467418e-02 3.971934459499516590e-32
5.074191885120930834e-02 4.449409622495611732e-32
5.206504615285607179e-02 4.986038114520730734e-32
5.342267482725338024e-02 5.589296469478299385e-32
5.481570451929569654e-02 6.267719125701119588e-32
5.624505833268136912e-02 7.031016717275159132e-32
5.771168344161557717e-02 7.890080430953417646e-32
5.921655171846390564e-02 8.857105631189677210e-32
6.076066037777232837e-02 9.945892442478371830e-32
6.234503263708040394e-02 1.117225316203403036e-31
6.397071839496561163e-02 1.255412064143912720e-31
6.563879492676824579e-02 1.411154697600414054e-31
6.735036759845744458e-02 1.586714522969130779e-31
6.910657059911201605e-02 1.784705570812541183e-31
7.090856769250111769e-02 2.008120368221246673e-31
7.275755298826275252e-02 2.260292596640646981e-31
7.465475173319133240e-02 2.544935891896876149e-31
7.660142112315848628e-02 2.866261313125311489e-31
7.859885113620528052e-02 3.228999101996070124e-31
8.064836538735790927e-02 3.638386666270615771e-31
8.275132200573290242e-02 4.100428278156444649e-31
8.490911453451382984e-02 4.622104635404720144e-31
8.712317285439528936e-02 5.211239966252643731e-31
8.939496413110592510e-02 5.876639879336601519e-31
9.172599378763972300e-02 6.628433935028130925e-31
9.411780650183737551e-02 7.477897676475200771e-31
9.657198722998144857e-02 8.437679215513703899e-31
9.909016225708186520e-02 9.522391123508078088e-31
1.016740002745483429e-01 1.074826478060075138e-30
1.043252134859637692e-01 1.213363534490823877e-30
1.070455587416914434e-01 1.369958000998407544e-30
1.098368387030677906e-01 1.546943416861520144e-30
1.127009030369521131e-01 1.746995995427288044e-30
1.156396496414251185e-01 1.973102149887329817e-30
1.186550259034481747e-01 2.228605710994990894e-30
1.217490299893168176e-01 2.517335667626516653e-30
1.249237121687637314e-01 2.843534966541220999e-30
1.281811761735885125e-01 3.212089460548658366e-30
1.315235805917144285e-01 3.628379507912014640e-30
1.349531402975963079e-01 4.098569097443939428e-30
1.384721279199269128e-01 4.629463683680695956e-30
1.420828753476153505e-01 5.228833840888210793e-30
1.457877752750335043e-01 5.905271647636167367e-30
1.495892827875572317e-01 6.668585944979463214e-30
1.534899169884504366e-01 7.529532513782607064e-30
1.574922626681719284e-01 8.500243601584425640e-30
1.615989720172097965e-01 9.594147904303420998e-30
1.658127663835796406e-01 1.082637529156838138e-29
1.701364380761503092e-01 1.221376033916908881e-29
1.745728522149925244e-01 1.377484370836998976e-29
1.791249486299766047e-01 1.553037805797121314e-29
1.837957438088772544e-01 1.750309536910819042e-29
1.885883328962764394e-01 1.971799890104148218e-29
1.935058917445887927e-01 2.220285314309406390e-29
1.985516790185690161e-01 2.498838671621680751e-29
2.037290383546953854e-01 2.810786039970901576e-29
2.090414005768606309e-01 3.159728496322404035e-29
2.144922859698382145e-01 3.549377556257590251e-29
2.200853066120316837e-01 3.983763651888162581e-29
2.258241687690495936e-01 4.467348257933300168e-29
2.317126753496968616e-01 5.004824156477620658e-29
2.377547284260063953e-01 5.601062644168039812e-29
2.439543318189822396e-01 6.261004285049948681e-29
2.503155937517677621e-01 6.989618457414297914e-29
2.568427295719968306e-01 7.791831091808894408e-29
2.635400645451319024e-01 8.672372076687184329e-29
2.704120367206402920e-01 9.635563507834021799e-29
2.774631998729076843e-01 1.068509200259661399e-28
2.846982265188376937e-01 1.182391445822852531e-28
2.921219110141375919e-01 1.305397177416742128e-28
2.997391727303413411e-01 1.437616443834380267e-28
3.075550593146753608e-01 1.579040827827819227e-28
3.155747500349276313e-01 1.729586102290690214e-28
3.238035592115363626e-01 1.889267187701148457e-28
3.322469397391718537e-01 2.058464006501474640e-28
3.409104867001478967e-01 2.238495462096345257e-28
3.497999410720513680e-01 2.432677787714417743e-28
3.589211935320542612e-01 2.648406109807784659e-28
3.682802883604238686e-01 2.901067159273735882e-28
3.778834274458195419e-01 3.221546596411848426e-28
3.877369743950299652e-01 3.670873557610101148e-28
3.978474587498752046e-01 4.370245639718289674e-28
4.082215803140659127e-01 5.564659223275311064e-28
4.188662135928891139e-01 7.767491125786659887e-28
4.297884123486610530e-01 1.211970499419739812e-27
4.409954142749664130e-01 2.139638614862226194e-27
4.524946457927813692e-01 4.340178062666397229e-27
4.642937269716584381e-01 1.065390502297192874e-26
4.764004765792344553e-01 4.086751742489028826e-26
4.888229172624072305e-01 5.705639104798093408e-25
5.015692808636154076e-01 1.203853454794234729e-24
5.146480138757418832e-01 1.363832200098143182e-24
5.280677830392616068e-01 1.488651707082232801e-24
5.418374810853314738e-01 1.612024896988322283e-24
5.559662326286410883e-01 1.741788830597922229e-24
5.704634002139209459e-01 1.881744811618538513e-24
5.853385905201168304e-01 2.039022028193032155e-24
6.006016607263422458e-01 2.233226306366828077e-24
6.162627250438276194e-01 2.723785771824263196e-24
6.323321614181930395e-01 4.824097469330159439e-24
6.488206184064880810e-01 5.304675608536014899e-24
6.657390222335539676e-01 5.675387443409490130e-24
6.830985840323849922e-01 6.057772695361523294e-24
7.009108072732874728e-01 6.461558171346046319e-24
7.191874953867576359e-01 6.891011336011198442e-24
7.379407595851315005e-01 7.347929181036644991e-24
7.571830268881893922e-01 7.835124975139860889e-24
7.769270483580322795e-01 8.354670455181201274e-24
7.971859075486875668e-01 8.908749833126341367e-24
8.179730291760477501e-01 9.499251519669054498e-24
8.393021880138740176e-01 1.012868536740513042e-23
8.611875180217785086e-01 1.079853893628868986e-23
8.836435217112187379e-01 1.151314163549317314e-23
9.066850797557179931e-01 1.227526797366584248e-23
9.303274608516779454e-01 1.308844348271503135e-23
9.545863318363182470e-01 1.396268659702739007e-23
9.794777680694469746e-01 1.550030771961153998e-23
1.005018264085943969e+00 1.711132625639586769e-23
1.031224744526012316e+00 1.829264209897864732e-23
1.058114575350444397e+00 1.953323904622173941e-23
1.085705575348332452e+00 2.085565085484452917e-23
1.114016027944849885e+00 2.226757997399066255e-23
1.143064693316927949e+00 2.378371742831486841e-23
1.172870820824856608e+00 2.542111077151697395e-23
1.203454161768046760e+00 2.722580255233303871e-23
1.234834982473405507e+00 2.974771529393217157e-23
1.267034077725005980e+00 4.046130655670842053e-23
1.300072784543930826e+00 4.330970597061686097e-23
1.333972996327447591e+00 4.618968733137580900e-23
1.368757177356863419e+00 4.926965402065939712e-23
1.404448377683684912e+00 5.252968569794522343e-23
1.441070248403942600e+00 5.609585841784887067e-23
1.478647057330802816e+00 6.993924194461455575e-23
1.517203705075853781e+00 7.581910580931303738e-23
1.556765741549719806e+00 8.114514189732610976e-23
1.597359382892940660e+00 8.672503542252929772e-23
1.639011528848333787e+00 9.269183752425972486e-23
1.681749780586351273e+00 9.906703390252454639e-23
1.725602458995245003e+00 1.058519672839239983e-22
1.770598623448158548e+00 1.132179849397481940e-22
1.816768091059582924e+00 1.212692302678319258e-22
1.864141456443937805e+00 1.398279753274223304e-22
1.912750111989364843e+00 1.838301489650121014e-22
1.962626268660186524e+00 2.162721002486129425e-22
2.013802977341780487e+00 2.370217365666062817e-22
2.066314150742053712e+00 2.530276696001285907e-22
2.120194585864004555e+00 2.703081828876828645e-22
2.175479987064268261e+00 2.884882419380320453e-22
2.232206989712933076e+00 3.080505634822900796e-22
2.290413184470298624e+00 3.288694599841011122e-22
2.350137142196665252e+00 3.510339920390144188e-22
2.411418439511664680e+00 3.743225621666170346e-22
2.474297685020061088e+00 4.423699471874691871e-22
2.538816546221413173e+00 5.480071531252228757e-22
2.605017777121415801e+00 5.774218013421971020e-22
2.672945246563229738e+00 6.231158644472088608e-22
2.742643967297565322e+00 6.578546632246524854e-22
2.814160125810788671e+00 7.080594217570160309e-22
2.887541112930814169e+00 7.489289689641835219e-22
2.962835555231059015e+00 8.537644974895190529e-22
3.040093347253296496e+00 8.987103726676795303e-22
3.119365684570702957e+00 1.020657653088363037e-21
3.200705097713081759e+00 1.104523000501474252e-21
3.284165486976685866e+00 1.202051690950828227e-21
3.369802158141741000e+00 1.255069217353613591e-21
3.457671859121314029e+00 1.420852410325150156e-21
3.547832817565835128e+00 1.467651392970695464e-21
3.640344779448172474e+00 1.614277344002843048e-21
3.735269048654841662e+00 1.696095504786675604e-21
3.832668527609579545e+00 1.915827745120896580e-21
3.932607758956201849e+00 2.026651487524216700e-21
4.035152968328370449e+00 2.211143089052146537e-21
4.140372108234606330e+00 2.294288440858670063e-21
4.248334903087632064e+00 2.502568127690550599e-21
4.359112895407884380e+00 2.622956632566825156e-21
4.472779493231810122e+00 2.925531112272664475e-21
4.589410018756359122e+00 3.074306341760398414e-21
4.709081758251937977e+00 3.312553783745554468e-21
4.831874013276826751e+00 3.467910483448945879e-21
4.957868153227089181e+00 3.806989801114116075e-21
5.087147669256732563e+00 3.980240296939271290e-21
5.219798229603878070e+00 4.343019185988327988e-21
5.355907736359587723e+00 4.408654580964963081e-21
5.495566383716981029e+00 4.661869511953042806e-21
5.638866717739229983e+00 4.922005468538071816e-21
5.785903697686042513e+00 5.242451526572324851e-21
5.936774758939275642e+00 5.572751408249732932e-21
6.091579877569367696e+00 5.952868034772576687e-21
6.250421636585385521e+00 6.308860387867542123e-21
6.413405293912579630e+00 6.775256425470129140e-21
6.580638852142500994e+00 7.138541118136277115e-21
6.752233130101890524e+00 7.561446814777555428e-21
6.928301836287775295e+00 7.609088520728507258e-21
7.108961644217426823e+00 8.053497017261322696e-21
7.294332269743142305e+00 8.559717987057839151e-21
7.484536550382998144e+00 9.068691944620952515e-21
7.679700526720263376e+00 9.713316454641417431e-21
7.879953525925326829e+00 1.021626665130292124e-20
8.085428247455512363e+00 1.103350346359741693e-20
8.296260850989570557e+00 1.150490050936505815e-20
8.512591046655121119e+00 1.249904275510562275e-20
8.734562187608833739e+00 1.293914604585117611e-20
8.962321365030646803e+00 1.413783312010500830e-20
9.196019505595183219e+00 1.455246051292354458e-20
9.435811471484528923e+00 1.597675880609981918e-20
9.681856163009147309e+00 1.636352777187698888e-20
9.934316623904569710e+00 1.802532620852366816e-20
1.019336014937381130e+01 1.838315985180757951e-20
1.045915839694704452e+01 2.030672072969099073e-20
1.073188750023200733e+01 2.056836989849306927e-20
1.101172818563053113e+01 2.259572519206845071e-20
1.129886589209851877e+01 2.288586871539739304e-20
1.159349089402874533e+01 2.537929174137078498e-20
1.189579842733790471e+01 2.567752263462036767e-20
1.220598881884144582e+01 2.846411747867551524e-20
1.252426761900194485e+01 2.877013014345039294e-20
1.285084573813897890e+01 3.180406146604916136e-20
1.318593958619075579e+01 3.219775867061590450e-20
1.352977121612010158e+01 3.537785813514356324e-20
1.388256847105986935e+01 3.397688852917705279e-20
1.424456513529524493e+01 3.724843994220272516e-20
1.461600108918301544e+01 3.797539571622069329e-20
1.499712246811045269e+01 4.135569826335683217e-20
1.538818182559914050e+01 4.247849885978097835e-20
1.578943830066186038e+01 4.578434264117632787e-20
1.620115778952338559e+01 4.559383954762231112e-20
1.662361312181901596e+01 4.799319693284697779e-20
1.705708424138760648e+01 5.009163924181674285e-20
1.750185839177886393e+01 5.282906402153070294e-20
1.795823030659789055e+01 5.572676481377809813e-20
1.842650240481307122e+01 5.809175496993973817e-20
1.890698499115670828e+01 6.185563911436709022e-20
1.939999646175127879e+01 6.378179491405228248e-20
1.990586351509749008e+01 6.846230101226569881e-20
2.042492136856398233e+01 6.918743986669171547e-20
2.095751398052216175e+01 6.583694355375343865e-20
2.150399427827325027e+01 6.376701018023304989e-20
2.206472439191894352e+01 6.695289176124153217e-20
2.264007589432992518e+01 6.643664648081398679e-20
2.323043004737214545e+01 7.404696622256665071e-20
2.383617805455341099e+01 7.281614636610322890e-20
2.445772132025790668e+01 8.179345249830590036e-20
2.509547171574044100e+01 7.974958793057071189e-20
2.574985185205665061e+01 9.011041113127384290e-20
2.642129536011002955e+01 8.724635308027416667e-20
2.711024717800135164e+01 9.077197771893911539e-20
2.781716384587093671e+01 6.890203067827253702e-20
2.854251380842908503e+01 8.303292468977862856e-20
2.928677772537518820e+01 7.556012603787690291e-20
3.005044878991122559e+01 8.658490201058926092e-20
3.083403305556069185e+01 8.712938195316908376e-20
3.163804977150952169e+01 9.456707395692726032e-20
3.246303172669125559e+01 8.534973802188628436e-20
3.330952560284443820e+01 8.564228872405581270e-20
3.417809233677620284e+01 8.528300794800416265e-20
3.506930749207210596e+01 7.111317277735472756e-20
3.598376164049854253e+01 7.387223449947653455e-20
3.692206075335045767e+01 8.084656155443223460e-20
3.788482660300365978e+01 7.894881985885346791e-20
3.887269717493796151e+01 5.869515786657938913e-20
3.988632709050394709e+01 8.225704060323396903e-20
4.092638804071378189e+01 8.316187960157282173e-20
4.199356923134326536e+01 7.071637964794995093e-20
4.308857783964030119e+01 6.280555480053640243e-20
4.421213948294226981e+01 7.534045361758320933e-20
4.536499869951290265e+01 6.799939610528467289e-20
4.654791944191729414e+01 7.524112973331015871e-20
4.776168558326192937e+01 6.910139579520730272e-20
4.900710143663533103e+01 5.363935617088495787e-20
5.028499228809333488e+01 5.282263575894177187e-20
5.159620494354226139e+01 5.013286130806918598e-20
5.294160828988290746e+01 5.969519361640318672e-20
5.432209387078567886e+01 5.616241217584675323e-20
5.573857647748044286e+01 3.890117189554041909e-20
5.719199475495110363e+01 4.083763524480603486e-20
5.868331182393717427e+01 4.759925219291556030e-20
6.021351591915441759e+01 3.938484590081582302e-20
6.178362104415752754e+01 2.894494428846251751e-20
6.339466764327868731e+01 2.566935986278705182e-20
6.504772329108743634e+01 2.223320773633840472e-20
6.674388339982859009e+01 3.401623459124154659e-20
6.848427194530704298e+01 2.652841557167473104e-20
7.027004221170047060e+01 2.283524834832995457e-20
7.210237755579350960e+01 2.480148688219713825e-20
7.398249219113981212e+01 1.686738739862715568e-20
7.591163199267164430e+01 1.483070653344464885e-20
7.789107532229007802e+01 1.153580931816853298e-20
7.992213387598310703e+01 1.243950086119559521e-20
8.200615355303284559e+01 1.432865060693760268e-20
8.414451534788777565e+01 7.961811668691344139e-21
8.633863626529119983e+01 8.500864853234231080e-21
8.858997025927227753e+01 7.027146386863798531e-21
9.090000919662169565e+01 6.062739137518206437e-21
9.327028384549075213e+01 4.894552847756343545e-21
9.570236488976863143e+01 5.420181758988741659e-21
9.819786396991025867e+01 3.569592663385077184e-21
1.007584347509044278e+02 3.130695757443054159e-21
1.033857740180898048e+02 2.649471759225971660e-21
1.060816228015450520e+02 1.828188436263379991e-21
1.088477675297981335e+02 1.938077721434500809e-21
1.116860412136193048e+02 1.257325553742015654e-21
1.145983246606821950e+02 1.318569705389713793e-21
1.175865477218980857e+02 1.071153859888709373e-21
1.206526905702489216e+02 8.095533919860747386e-22
1.237987850129666327e+02 6.500110005653329797e-22
1.270269158379295362e+02 5.652369370433043589e-22
1.303392221951642966e+02 4.623759370187040695e-22
1.337378990143740225e+02 3.456709567255633348e-22
1.372251984594279861e+02 2.828443716051808427e-22
1.408034314207784234e+02 1.837504342998990355e-22
1.444749690467927223e+02 1.600379555395591529e-22
1.482422443150165918e+02 9.967167610197451066e-23
1.521077536444083478e+02 9.452406236911125521e-23
1.560740585496135679e+02 7.630140732437108768e-23
1.601437873383759438e+02 4.737145346796075948e-23
1.643196368532089480e+02 4.530493417737218135e-23
1.686043742584831193e+02 2.352690574277950558e-23
1.730008388741123042e+02 1.208808373409431901e-23
1.775119440570546772e+02 1.536095837058238452e-23
1.821406791318750606e+02 1.040941671280423996e-23
1.868901113716478335e+02 7.056360792435454719e-24
1.917633880305130560e+02 3.890962690844334108e-24
1.967637384292329159e+02 2.770377771003623803e-24
2.018944760951301589e+02 1.878332322683771591e-24
2.071590009578270042e+02 1.421457801802322784e-24
2.125608016022391382e+02 7.373884148153124985e-25
2.181034575803179223e+02 5.854593627927423523e-25
2.237906417830729708e+02 3.640471255609083437e-25
2.296261228744463949e+02 2.164177698846319707e-25
2.356137677886519555e+02 1.444536498462085984e-25
2.417575442926340656e+02 8.972983171822633130e-26
2.480615236153442709e+02 3.979194453790579529e-26
2.545298831455777986e+02 2.586941469368832748e-26
2.611669092001581021e+02 1.681039554208994981e-26
2.679769998643032523e+02 1.122835272893355159e-26
2.749646679060568886e+02 5.291718850755013210e-27
2.821345437667146143e+02 3.577896610252441541e-27
2.894913786292278814e+02 2.457365442161885959e-27
2.970400475666173747e+02 1.286530094571908456e-27
3.047855527724868239e+02 9.313574092399787171e-28
3.127330268757679619e+02 4.977547943178835735e-28
3.208877363419059066e+02 2.480958487925948008e-28
3.292550849627294269e+02 0.000000000000000000e+00
