# label=highfre644 transition radiation
# source_module=highfre644
# source_component=axion_transition
# source_transition_family=bohr
# source_frequency_frame=observer
# source_redshift=0.0000000000000000e+00
# source_luminosity_distance_m=3.0856775814913671e+19
# rate_model=remnant_cloud_effective
# r0_gpc3_yr=1.0000000000000000e+00
# r_eff0_gpc3_yr=1.0000000000000000e+00
# rate_evolution=constant
# z_model=1.0000000000000000e+01
# f_ret=1.0000000000000000e+00
# f_2g=1.0000000000000000e+00
# f_cloud=1.0000000000000000e+00
# f_duty=1.0000000000000000e+00
# remnant_spin=6.9999999999999996e-01
# spin_model=GerosaBerti2017
# kerr_m_omega_h=2.0418368367551071e-01
# cloud_azimuthal_m=4
# superradiant_spin_threshold=2.9339853300733498e-01
# p_superradiant=1.0000000000000000e+00
# nu_cut_hz=3.3288382254414063e+02
# characteristic_mass_msun=5.0500000000000000e-01
# hubble_h0_si=2.1953038906696129e-18
# rho_c_energy_density_si=7.7465150935130668e-10
# omega_gw_formula=f_over_rho_c_H0_integral_R_eff_dE_dnu_over_1plusz_Ez
# single_event_spectrum_frame=local_source_z0
# energy_spectrum_prefactor=two_pi_squared_c_cubed_over_G
# source_angle_average_factor=5.3333333333333333e-01
# single_event_fourier_convention=h_tilde_integral_h_exp_minus_2pi_i_f_t_dt
# columns=frequency_hz omega_gw
1.748853772875114034e-03 6.939700843691838360e-41
1.791982388557755322e-03 8.160514016353885659e-40
1.836174602306484948e-03 1.662608390614318472e-39
1.881456643593967066e-03 2.619122502562470431e-39
1.927855388739889257e-03 3.696548701876777837e-39
1.975398376862893060e-03 4.906818003466242362e-39
2.024113826225918105e-03 6.463363403234051592e-39
2.074030650984627459e-03 7.992060289490522132e-39
2.125178478348878006e-03 9.696894133566933193e-39
2.177587666167392442e-03 1.159463514964117586e-38
2.231289320946107813e-03 1.370351216342901037e-38
2.286315316310864355e-03 1.631495810857590329e-38
2.342698311925415014e-03 1.892434057314139808e-38
2.400471772875954150e-03 2.181062171717021353e-38
2.459669989533710879e-03 2.499923337743225429e-38
2.520328097907358501e-03 2.851777444182552652e-38
2.582482100497357491e-03 3.276417810722791612e-38
2.646168887664556834e-03 3.705808323278424329e-38
2.711426259525798708e-03 4.178099858689181101e-38
2.778292948389477109e-03 4.697118672202320455e-38
2.846808641744380444e-03 5.267011292046499271e-38
2.917014005815481235e-03 5.942106678610730333e-38
2.988950709700604908e-03 6.630728144047124586e-38
3.062661450102361575e-03 7.385047267925407634e-38
3.138189976669996176e-03 8.210781506034468052e-38
3.215581117966165824e-03 9.114119369555234062e-38
3.294880808074118934e-03 1.010175777660731469e-37
3.376136113861018338e-03 1.125262784302751871e-37
3.459395262913607209e-03 1.243568658530061885e-37
3.544707672162820001e-03 1.372623272479420176e-37
3.632123977214264492e-03 1.512994773545047213e-37
3.721696062402067920e-03 1.665541207264007689e-37
3.813477091583856397e-03 1.840930728617556925e-37
3.907521539695197992e-03 2.021424927666689299e-37
4.003885225082170346e-03 2.217273635872884787e-37
4.102625342631326458e-03 2.429687093909889993e-37
4.203800497716656676e-03 2.659961683272537194e-37
4.307470740983739520e-03 2.922594251053086576e-37
4.413697603991672061e-03 3.193710901151321768e-37
4.522544135734005502e-03 3.487255957483713812e-37
4.634074940060311024e-03 3.804965373931546134e-37
4.748356214020592499e-03 4.148698462081942963e-37
4.865455787155344679e-03 4.538119056953878502e-37
4.985443161754496075e-03 4.941146664457834465e-37
5.108389554109226023e-03 5.376721398540242751e-37
5.234367936781091253e-03 5.847319941274085021e-37
5.363453081913515698e-03 6.354845093189078643e-37
5.495721605611434551e-03 6.924669511337933983e-37
5.631252013415364091e-03 7.513415300029163024e-37
5.770124746896909511e-03 8.146364708274637773e-37
5.912422231403400424e-03 8.826613281614311767e-37
6.058228924979897935e-03 9.557448150269151382e-37
6.207631368497722700e-03 1.034237054213832767e-36
6.360718237019213732e-03 1.121891712868648992e-36
6.517580392429138912e-03 1.212549236526949620e-36
6.678310937364108878e-03 1.309822465489800194e-36
6.843005270471927068e-03 1.414162642004539730e-36
7.011761143033683891e-03 1.526044852466123544e-36
7.184678716982259052e-03 1.650237012869884850e-36
7.361860624351543141e-03 1.778301727755322127e-36
7.543412028191811940e-03 1.915006430702509746e-36
7.729440684987312279e-03 2.060889794121308867e-36
7.920057008613118343e-03 2.216522887606907697e-36
8.115374135869291364e-03 2.388488158056313693e-36
8.315507993631079953e-03 2.565810545957313909e-36
8.520577367655206291e-03 2.754815852224586164e-36
8.730703973082986832e-03 2.956213966784468642e-36
8.946012526682050117e-03 3.170433901981893966e-36
9.166630820869712745e-03 3.405671250764346165e-36
9.392689799561796185e-03 3.647391957037287846e-36
9.624323635891962950e-03 3.903837299868223288e-36
9.861669811847743536e-03 4.175839486411002443e-36
1.010486919987036922e-02 4.464281014352907270e-36
1.035406614646704714e-02 4.770084142776679083e-36
1.060940855788517108e-02 5.104876420656626073e-36
1.087104798789933005e-02 5.447973338292170540e-36
1.113913972776324653e-02 5.810463782026056510e-36
1.141384289838004440e-02 6.193408848915004917e-36
1.169532054474551989e-02 6.597910449761935070e-36
1.198373973272049905e-02 7.038917130845178322e-36
1.227927164818968901e-02 7.490726303315123588e-36
1.258209169866588394e-02 7.967111218281722818e-36
1.289237961739987323e-02 8.468985352612815777e-36
1.321031957005779772e-02 8.997715322842342627e-36
1.353610026402927990e-02 9.572140806515108901e-36
1.386991506043118959e-02 1.015975222767359808e-35
1.421196208887358543e-02 1.077852938047054712e-35
1.456244436505589254e-02 1.142942012636123796e-35
1.492156991126311789e-02 1.211408768963110050e-35
1.528955187983361934e-02 1.285592118788846572e-35
1.566660867967175144e-02 1.361449432866126483e-35
1.605296410588046702e-02 1.441218796781601730e-35
1.644884747259073646e-02 1.525055085659707430e-35
1.685449374906671308e-02 1.613170484895720716e-35
1.727014369916741315e-02 1.708418242065274847e-35
1.769604402424769171e-02 1.805846971008168506e-35
1.813244750958320842e-02 1.908189463868423867e-35
1.857961317440653265e-02 2.015684184945986644e-35
1.903780642564316741e-02 2.128581211875295664e-35
1.950729921543898834e-02 2.239118007130187738e-35
1.998837020257235308e-02 2.346233393382317093e-35
2.048130491784695348e-02 2.457662810669836136e-35
2.098639593356326633e-02 2.573539611602465345e-35
2.150394303716952893e-02 2.693983983278802509e-35
2.203425340919495587e-02 2.819110007539731969e-35
2.257764180557117126e-02 2.949036123956961032e-35
2.313443074444967301e-02 3.083868301440788994e-35
2.370495069762662901e-02 3.223711441046667817e-35
2.428954028668823401e-02 3.368660178140251771e-35
2.488854648399332903e-02 3.518794149694688169e-35
2.550232481861247624e-02 3.674187526642605507e-35
2.613123958734559979e-02 3.834900588852992966e-35
2.677566407094371034e-02 4.000988331480479278e-35
2.743598075566271513e-02 4.172484923086536543e-35
2.811258156028116975e-02 4.349407884042939851e-35
2.880586806871633307e-02 4.531754968033576042e-35
2.951625176837700121e-02 4.719506839709407157e-35
3.024415429439413286e-02 4.912628852701736806e-35
3.099000767987473981e-02 5.111054846275688887e-35
3.175425461232701113e-02 5.314696839709970288e-35
3.253734869640947241e-02 5.523427309450898880e-35
3.333975472315949679e-02 5.737090831540088040e-35
3.416194894586158798e-02 5.955505312670040205e-35
3.500441936271860011e-02 6.178447379755230891e-35
3.586766600649417963e-02 6.405650978484646292e-35
3.675220124129786187e-02 6.636792033248653931e-35
3.765855006668946542e-02 6.871504451143259350e-35
3.858725042928273091e-02 7.109379298126557422e-35
3.953885354203377778e-02 7.350537129930626320e-35
4.051392421140322803e-02 7.594944747642187593e-35
4.151304117258670240e-02 7.842165285468791351e-35
4.253679743301248817e-02 8.091710638815396961e-35
4.358580062431002128e-02 8.343031541422245182e-35
4.466067336295855700e-02 8.595543635897036051e-35
4.576205361982953884e-02 8.848575372420413957e-35
4.689059509884260096e-02 9.101375304555045190e-35
4.804696762495928170e-02 9.353115854030791479e-35
4.923185754174545792e-02 9.602888186663838963e-35
5.044596811873769404e-02 9.849723103862152743e-35
5.169001996885608241e-02 1.009253465697256149e-34
5.296475147611057893e-02 1.033014973437945305e-34
5.427091923385535949e-02 1.056125596450089468e-34
5.560929849385064933e-02 1.078445086514271254e-34
5.698068362639931855e-02 1.099823661850697531e-34
5.838588859183046348e-02 1.120143664367223827e-34
5.982574742361078390e-02 1.139541289910881972e-34
6.130111472336952083e-02 1.157936116358000526e-34
6.281286616813168411e-02 1.175186592374552889e-34
6.436189903005977431e-02 1.191146961663608494e-34
6.594913270901335556e-02 1.205657560577228390e-34
6.757550927824163001e-02 1.218549044665816548e-34
6.924199404353373333e-02 1.229637439379762140e-34
7.094957611615826387e-02 1.238729756812428622e-34
7.269926899993177372e-02 1.245625102689067083e-34
7.449211119276553938e-02 1.250110843245943529e-34
7.632916680304652202e-02 1.251960901724702223e-34
7.821152618121958444e-02 1.251149604248485103e-34
8.014030656694454136e-02 1.248157280786201440e-34
8.211665275221341487e-02 1.242893427449395965e-34
8.414173776082034539e-02 1.235207528946893449e-34
8.621676354458845948e-02 1.224936502743993932e-34
8.834296169676592037e-02 1.211890217517301130e-34
9.052159418301564120e-02 1.195870305241723338e-34
9.275395409043142581e-02 1.176677473685342673e-34
9.504136639502622219e-02 1.154109443502430502e-34
9.738518874814690307e-02 1.128182230614722676e-34
9.978681228228342137e-02 1.099925827046170431e-34
1.022476624367495424e-01 1.069450431121012435e-34
1.047691998037263844e-01 1.036685292736091457e-34
1.073529209951695068e-01 1.001542239974187419e-34
1.100003595310957705e-01 9.639416099338505023e-35
1.127130867497754679e-01 9.237867860929756996e-35
1.154927127403712755e-01 8.809780638506615732e-35
1.183408872985770993e-01 8.365604954946873741e-35
1.212593009058235277e-01 7.915040683358731847e-35
1.242496857326323145e-01 7.457869392598754581e-35
1.273138166667136806e-01 6.993762458832027273e-35
1.304535123664187501e-01 6.522304746647166055e-35
1.336706363401700126e-01 6.043331892854776292e-35
1.369670980525129478e-01 5.562183089649169691e-35
1.403448540574429304e-01 5.094665530223199510e-35
1.438059091596822214e-01 4.641091049494339505e-35
1.473523176045942740e-01 4.200514745841773778e-35
1.509861842974437873e-01 3.772118493333942218e-35
1.547096660527236267e-01 3.355513175945738967e-35
1.585249728742929576e-01 2.963690246433732056e-35
1.624343692670836559e-01 2.600806445818815858e-35
1.664401755811559802e-01 2.264253741700205072e-35
1.705447693888988148e-01 1.951723566667453781e-35
1.747505868961946318e-01 1.662258151541143310e-35
1.790601243883839233e-01 1.405056605952154715e-35
1.834759397118893853e-01 1.178980089776559724e-35
1.880006537923790688e-01 9.799966498172026746e-36
1.926369521903674720e-01 8.047108083706870586e-36
1.973875866951809166e-01 6.556303113675021085e-36
2.022553769582313699e-01 5.328026766172249957e-36
2.072432121665680749e-01 4.316470810742689865e-36
2.123540527577020831e-01 3.484606444658122983e-36
2.175909321767181548e-01 2.835062745265180449e-36
2.229569586767207456e-01 2.347141597607153531e-36
2.284553171636799218e-01 1.984362406652427017e-36
2.340892710867743809e-01 1.723282129897339470e-36
2.398621643753501287e-01 1.557301650789167517e-36
2.457774234236489441e-01 1.461928482774734569e-36
2.518385591244808319e-01 1.418026799319718922e-36
2.580491689530508559e-01 1.418067443859404359e-36
2.644129391021723396e-01 1.450280864027303277e-36
2.709336466701398050e-01 1.504753375846311227e-36
2.776151619025554185e-01 1.577191187644568500e-36
2.844614504894426577e-01 1.662655680431468486e-36
2.914765759190070527e-01 1.757704503039139911e-36
2.986647018894456607e-01 1.861613453495235540e-36
3.060300947802324090e-01 1.978396275864452692e-36
3.135771261843505742e-01 2.122562298006789064e-36
3.213102755029687008e-01 2.282674140025392888e-36
3.292341326041082761e-01 2.427933124691199296e-36
3.373534005468743491e-01 2.572949648219889281e-36
3.456728983728693527e-01 2.725647863753786467e-36
3.541975639664477482e-01 2.886885180815494904e-36
3.629324569855038041e-01 3.057026640713619327e-36
3.718827618645397792e-01 3.235823816352582258e-36
3.810537908917903116e-01 3.424384015220012150e-36
3.904509873622348803e-01 3.623257498397079956e-36
4.000799288083624061e-01 3.832570550704256858e-36
4.099463303106145595e-01 4.053165814818314144e-36
4.200560478894652672e-01 4.284521511212754371e-36
4.304150819811552453e-01 4.528129409774573294e-36
4.410295809991376936e-01 4.784833617102080802e-36
4.519058449833573410e-01 5.055865950211163507e-36
4.630503293395216713e-01 3.789267788347195831e-33
4.744696486705901051e-01 3.412017929921234322e-29
4.861705807027463799e-01 1.694857135008051653e-27
4.981600703081947579e-01 5.359939456518630552e-27
5.104452336271596558e-01 6.110168665114989092e-27
5.230333622915417369e-01 6.496309154386513969e-27
5.359319277527276881e-01 6.905687323984788147e-27
5.491485857161347850e-01 7.335383181345830645e-27
5.626911806851131459e-01 7.794010354751856922e-27
5.765677506169045730e-01 8.284331843549931484e-27
5.907865316934269861e-01 8.807927205878850201e-27
6.053559632097039733e-01 9.356114890021046772e-27
6.202846925828549018e-01 9.940338748846655390e-27
6.355815804846088879e-01 1.056358301086345960e-26
6.512557061003952930e-01 1.123113591027902562e-26
6.673163725181227024e-01 1.193202034694907875e-26
6.837731122498575953e-01 1.267570164028652776e-26
7.006356928896698699e-01 1.346826059562227286e-26
7.179141229110101996e-01 1.431716678789703878e-26
7.356186576070511407e-01 1.521425226422273630e-26
7.537598051775293850e-01 1.616090781258821360e-26
7.723483329656924967e-01 1.716859843317171039e-26
7.913952738490597216e-01 1.824721470347095105e-26
8.109119327877782890e-01 1.939400322166621820e-26
8.309098935344767511e-01 2.059929826532088749e-26
8.514010255095858515e-01 2.188019259308926523e-26
8.723974908462174271e-01 2.325003554697159986e-26
8.939117516087689008e-01 2.471291950351543158e-26
9.159565771895549213e-01 2.624779600490783958e-26
9.385450518878434290e-01 2.787537633889659727e-26
9.616905826757993214e-01 2.961401357385898451e-26
9.854069071559489190e-01 3.147391987355897800e-26
1.009708101714874573e+00 3.342972929210827370e-26
1.034608589877997753e+00 3.549690629123130382e-26
1.060123150870394770e+00 3.770133501890029958e-26
1.086266928388736952e+00 4.005652372621281342e-26
1.113055439589545337e+00 4.255021394344714596e-26
1.140504584299117941e+00 4.517395700023286823e-26
1.168630654450574680e+00 4.796378599293328069e-26
1.197450343753639013e+00 5.094250974729669935e-26
1.226980757602873728e+00 5.411334822602198197e-26
1.257239423230276820e+00 5.744008821690372644e-26
1.288244300108244422e+00 6.096391011698494733e-26
1.320013790609088744e+00 6.472388175226967097e-26
1.352566750927419292e+00 6.874160696693612546e-26
1.385922502271893286e+00 7.295243529280045746e-26
1.420100842332960855e+00 7.739329364516401589e-26
1.455122057033423566e+00 8.212718901580683030e-26
1.491006932568761156e+00 8.718214712412499675e-26
1.527776767744400077e+00 9.251085290185391053e-26
1.565453386617224218e+00 9.809261041253426113e-26
1.604059151448840037e+00 1.040326430358223397e-25
1.643616975978290373e+00 1.103649678658615638e-25
1.684150339022071341e+00 1.170733100103494678e-25
1.725683298409556921e+00 1.240667401231535325e-25
1.768240505262076656e+00 1.314881824384437476e-25
1.811847218624139666e+00 1.393805522511825084e-25
1.856529320455464926e+00 1.477650988086758726e-25
1.902313330992746687e+00 1.564908141011364408e-25
1.949226424490247966e+00 1.657125171775737271e-25
1.997296445348585525e+00 1.754823204821028605e-25
2.046551924641248021e+00 1.858715131829960956e-25
2.097022097048695688e+00 1.966978743288993292e-25
2.148736918210061297e+00 2.080719589859217236e-25
2.201727082502775268e+00 2.200711593064569288e-25
2.256024041260634050e+00 2.328038277498722027e-25
2.311660021441166446e+00 2.461411122154086140e-25
2.368668044753346802e+00 2.600378658764702356e-25
2.427081947257027306e+00 2.746393782813133779e-25
2.486936399445695223e+00 2.900843778580912731e-25
2.548266926824512613e+00 3.063188623134707728e-25
2.611109930995821671e+00 3.231196465504095368e-25
2.675502711264640343e+00 3.406830945533958131e-25
2.741483486776989498e+00 3.591898889736335634e-25
2.809091419204142515e+00 3.786718064964861406e-25
2.878366635986325139e+00 3.987349309883771084e-25
2.949350254149609718e+00 4.195792240327704724e-25
3.022084404710179584e+00 4.414444669824574406e-25
3.096612257680398272e+00 4.644027515140789351e-25
3.172978047691586312e+00 4.880698601781702167e-25
3.251227100248660573e+00 5.124442931337199459e-25
3.331405858632267236e+00 5.378810655103671512e-25
3.413561911464313425e+00 5.644449863980254020e-25
3.497744020953327038e+00 5.919491150904444134e-25
3.584002151836359396e+00 6.200094035515502001e-25
3.672387501034647173e+00 6.490928085917690779e-25
3.762952528040578226e+00 6.793350754586121410e-25
3.855750986054068630e+00 7.107437956974614271e-25
3.950837953886775722e+00 7.425546584981054308e-25
4.048269868653124881e+00 7.752609853496967629e-25
4.148104559267493663e+00 8.091369623958575343e-25
4.250401280767510670e+00 8.443458169328822147e-25
4.355220749483788900e+00 8.799441847659242708e-25
4.462625179076975535e+00 9.161806817786426102e-25
4.572678317463539699e+00 9.535768167825676252e-25
4.685445484652145609e+00 9.923187301996390428e-25
4.800993611513155734e+00 1.031772763435639732e-24
4.919391279504203851e+00 1.071446681134280155e-24
5.040708761375470637e+00 1.112239677931872357e-24
5.165018062878753646e+00 1.154000165358339634e-24
5.292392965505164248e+00 1.088931763906397899e-24
5.422909070276764609e+00 3.322913670032989024e-25
5.556643842618179008e+00 4.504803849460946199e-27
5.693676658334732466e+00 4.605879612706424218e-32
5.834088850724519659e+00 9.170159048953494337e-34
5.977963758852266274e+00 9.630800725489869865e-34
6.125386777013721584e+00 1.010435465661585301e-33
6.276445405419827317e+00 1.059475849898606271e-33
6.431229302130877734e+00 1.111606229208463935e-33
6.589830336271392142e+00 1.164229605694498634e-33
6.752342642557365160e+00 1.219569162759015100e-33
6.918862677168150732e+00 1.277265334977940174e-33
7.089489274996273238e+00 1.335447784787001529e-33
7.264323708309044392e+00 1.395592715390136985e-33
7.443469746856843372e+00 1.458437213074781948e-33
7.627033719463763184e+00 1.523056380368593593e-33
7.815124577137082085e+00 1.586420796982764330e-33
8.007853957733146899e+00 1.640955080126004112e-33
8.205336252217946935e+00 1.709381109203222400e-33
8.407688672561796750e+00 1.780080581901776646e-33
8.615031321308284973e+00 1.853454704651406374e-33
8.827487262858953798e+00 1.928927133732365010e-33
9.045182596515889628e+00 2.004982126623462731e-33
9.268246531325669224e+00 2.083012005055890162e-33
9.496811462768947720e+00 2.163068861724417762e-33
9.731013051341392384e+00 1.928398934481230188e-33
9.970990303072444050e+00 2.285716322930921851e-34
1.021688565202982346e+01 2.265587824664972306e-34
1.046884504485857725e+01 2.365058324205495946e-34
1.072701802740505528e+01 2.472399814301395176e-34
1.099155783347707427e+01 2.583486007689148035e-34
1.126262147579304518e+01 2.711595203236874810e-34
1.154036983917392689e+01 2.834033507346114277e-34
1.182496777603346594e+01 2.952599699630957302e-34
1.211658420422330629e+01 3.067493911192058889e-34
1.241539220729104187e+01 3.079487919342173365e-34
1.272156913721081573e+01 3.216886016902778556e-34
1.303529671964723313e+01 3.353324827885131222e-34
1.335676116181532436e+01 3.490951789323419256e-34
1.368615326300037616e+01 3.611721709609672163e-34
1.402366852780337858e+01 3.751144803680823888e-34
1.436950728217908591e+01 1.215044673081231543e-34
1.472387479233585061e+01 1.229430797704242889e-34
1.508698138656755994e+01 1.280276871490139381e-34
1.545904258009016985e+01 1.323180444685778501e-34
1.584027920295670100e+01 1.374867935771413414e-34
1.623091753112688806e+01 1.447508316622057621e-34
1.663118942076907203e+01 1.516522991846610179e-34
1.704133244587422524e+01 1.488352607236748962e-34
1.746159003926349484e+01 1.532262411454898756e-34
1.789221163707330930e+01 1.583786895261825565e-34
1.833345282680367205e+01 1.663799476913733666e-34
1.878557549901720591e+01 8.475834032169750811e-35
1.924884800277969177e+01 8.576188769854774235e-35
1.972354530493359803e+01 8.780642934662373178e-35
2.020994915329946195e+01 8.977154057880793593e-35
2.070834824390236406e+01 9.454748648976535165e-35
2.121903839232182776e+01 9.553569436266529944e-35
2.174232270926795962e+01 9.853806430830906210e-35
2.227851178048711489e+01 1.007056671277806322e-34
2.282792385110418110e+01 1.025066156848758625e-34
2.339088501451142221e+01 6.259407239088795580e-35
2.396772940591482026e+01 6.773259939135438141e-35
2.455879940065417699e+01 7.088084566580183940e-35
2.516444581741356146e+01 7.280214582315032800e-35
2.578502812644308761e+01 6.824484228550600533e-35
2.642091466291615376e+01 7.212311095949722172e-35
2.707248284554785300e+01 7.749399985670817234e-35
2.774011940060468362e+01 5.374097589218652497e-35
2.842422059143920876e+01 5.193700562066431432e-35
2.912519245368437382e+01 5.476078414817555972e-35
2.984345103624887940e+01 6.073420768344990507e-35
3.057942264825515721e+01 5.696080267059919254e-35
3.133354411206708789e+01 5.990341012508179064e-35
3.210626302255822395e+01 4.429721417837124748e-35
3.289803801277329143e+01 4.747545824213604127e-35
3.370933902614114430e+01 4.905264991747631806e-35
3.454064759540148799e+01 4.554718057566044059e-35
3.539245712840921954e+01 4.802850293711959449e-35
3.626527320098801255e+01 4.866703263742320179e-35
3.715961385700531849e+01 4.279990027532414571e-35
3.807600991584752137e+01 4.208004138317367884e-35
3.901500528747849472e+01 4.466104357145144168e-35
3.997715729526672135e+01 4.301349498241992449e-35
4.096303700677483306e+01 3.794878509325438945e-35
4.197322957270598209e+01 4.105041308124323158e-35
4.300833457420899464e+01 3.638004876040775268e-35
4.406896637874917388e+01 3.988554202177998801e-35
4.515575450475456165e+01 3.632023096456854257e-35
4.626934399525466546e+01 3.691082229358604090e-35
4.741039580073449144e+01 4.001260554448936652e-35
4.857958717142876992e+01 3.628118058190121653e-35
4.977761205929196109e+01 3.543271660617898549e-35
5.100518152988041010e+01 3.392406260507790505e-35
5.226302418439178865e+01 3.361269775276213215e-35
5.355188659211356850e+01 3.594725653991776420e-35
5.487253373353508579e+01 2.760970775519538894e-35
5.622574945438729799e+01 3.458092981757644452e-35
5.761233693088069430e+01 3.039185243863070411e-35
5.903311914641480485e+01 2.595739483641221140e-35
6.048893938004562898e+01 3.303929952497088958e-35
6.198066170699799926e+01 2.929271370703445729e-35
6.350917151152108886e+01 2.703068348620896731e-35
6.507537601239279468e+01 2.954320489880325723e-35
6.668020480138164885e+01 3.477717122301611455e-35
6.832461039498976163e+01 2.556056974007565725e-35
7.000956879980103054e+01 2.826061828153029885e-35
7.173608009177144140e+01 2.711626600803995649e-35
7.350516900980643697e+01 2.864561785328731676e-35
7.531788556397546586e+01 2.767617803044067963e-35
7.717530565872554860e+01 2.860334282329295773e-35
7.907853173146558845e+01 2.822496226444242587e-35
8.102869340689649391e+01 2.504023119230531312e-35
8.302694816748019946e+01 2.485282029296375533e-35
8.507448204044150941e+01 2.643055283529155021e-35
8.717251030171217963e+01 2.877832365947608559e-35
8.932227819723648565e+01 2.709872219311629011e-35
9.152506168206352299e+01 2.728637446924278445e-35
9.378216817766616487e+01 2.279041418670567702e-35
9.609493734793824160e+01 2.641230600173614037e-35
9.846474189432584012e+01 2.687853404389486323e-35
1.008929883705702224e+02 2.650327991749546477e-35
1.033811180175412545e+02 2.662813163807078717e-35
1.059306076186587120e+02 2.682260024051524753e-35
1.085429703764112759e+02 2.584549855155305758e-35
1.112197568104882208e+02 2.708422819205955744e-35
1.139625556780632394e+02 2.506363707187829704e-35
1.167729949167713954e+02 2.295346606912067023e-35
1.196527426109406207e+02 2.680202801468945457e-35
1.226035079816538484e+02 2.218466619258704889e-35
1.256270424012249123e+02 2.407398323645655790e-35
1.287251404326925126e+02 2.485680382887878319e-35
1.318996408949517729e+02 2.282132622394941508e-35
1.351524279541490614e+02 2.504650056577019840e-35
1.384854322419960511e+02 2.607405574720878789e-35
1.419006320016596021e+02 2.572799335110343220e-35
1.454000542619106682e+02 2.474224195852738587e-35
1.489857760402315137e+02 2.551834463388769923e-35
1.526599255755902789e+02 2.342557236800980234e-35
1.564246835916168834e+02 2.313272005121876188e-35
1.602822845909336422e+02 2.384308020796390805e-35
1.642350181814003065e+02 2.521399880953706094e-35
1.682852304350709574e+02 2.599016984853792158e-35
1.724353252806607486e+02 2.493453217698763231e-35
1.766877659303522705e+02 2.288412417333453169e-35
1.810450763417923667e+02 2.538967544229803636e-35
1.855098427161374275e+02 2.542683464583450482e-35
1.900847150330481270e+02 2.594624245389404187e-35
1.947724086235347727e+02 2.388342490710666217e-35
1.995757057815907274e+02 2.400331649065575595e-35
2.044974574155739333e+02 2.285191072989906835e-35
2.095405847403098392e+02 2.342784741184077413e-35
2.147080810109232800e+02 2.333791908805705566e-35
2.200030132994326948e+02 2.287002215151753899e-35
2.254285243151506677e+02 2.155629594129560472e-35
2.309878342699841482e+02 2.177200727205543260e-35
2.366842427897304333e+02 2.192265072454422809e-35
2.425211308725077117e+02 1.900230980479055932e-35
2.485019628954869404e+02 2.139292353251483464e-35
2.546302886711075644e+02 1.951256779844337092e-35
2.609097455540015744e+02 1.744077542894746768e-35
2.673440605998818000e+02 1.763448691481572608e-35
2.739370527776628705e+02 1.491329853064255619e-35
2.806926352361435306e+02 1.479033127038041485e-35
2.876148176265820098e+02 1.295239998419063025e-35
2.947077084825489806e+02 1.050928462247207261e-35
3.019755176584760079e+02 9.446502801110752932e-36
3.094225588283317734e+02 7.508644668040640160e-36
3.170532520459282182e+02 5.289599972553661747e-36
3.248721263683598863e+02 2.757237533588834632e-36
3.328838225441407985e+02 0.000000000000000000e+00
