# label=highfre transition radiation
# source_module=highfre322
# source_component=axion_transition
# source_transition_family=fine
# source_frequency_frame=observer
# source_redshift=0.0000000000000000e+00
# source_luminosity_distance_m=3.0856775814913671e+19
# rate_model=remnant_cloud_effective
# r0_gpc3_yr=1.0000000000000000e+00
# r_eff0_gpc3_yr=1.0000000000000000e+00
# rate_evolution=constant
# z_model=1.0000000000000000e+01
# f_ret=1.0000000000000000e+00
# f_2g=1.0000000000000000e+00
# f_cloud=1.0000000000000000e+00
# f_duty=1.0000000000000000e+00
# remnant_spin=6.9999999999999996e-01
# spin_model=GerosaBerti2017
# kerr_m_omega_h=2.0418368367551071e-01
# cloud_azimuthal_m=2
# superradiant_spin_threshold=5.5045871559633019e-01
# p_superradiant=1.0000000000000000e+00
# nu_cut_hz=0.0000000000000000e+00
# characteristic_mass_msun=5.0500000000000000e-01
# hubble_h0_si=2.1953038906696129e-18
# rho_c_energy_density_si=7.7465150935130668e-10
# omega_gw_formula=f_over_rho_c_H0_integral_R_eff_dE_dnu_over_1plusz_Ez
# single_event_spectrum_frame=local_source_z0
# energy_spectrum_prefactor=two_pi_squared_c_cubed_over_G
# source_angle_average_factor=8.0000000000000004e-01
# single_event_fourier_convention=h_tilde_integral_h_exp_minus_2pi_i_f_t_dt
# empty_source_spectrum=true
# columns=frequency_hz omega_gw
1.000000000000000048e-04 0.000000000000000000e+00
1.042404007021556923e-04 0.000000000000000000e+00
1.086606113854596809e-04 0.000000000000000000e+00
1.132682567136153722e-04 0.000000000000000000e+00
1.180712846666190276e-04 0.000000000000000000e+00
1.230779802506665817e-04 0.000000000000000000e+00
1.282969797894147415e-04 0.000000000000000000e+00
1.337372858212496269e-04 0.000000000000000000e+00
1.394082826282578647e-04 0.000000000000000000e+00
1.453197524236895524e-04 0.000000000000000000e+00
1.514818922258345780e-04 0.000000000000000000e+00
1.579053314474175942e-04 0.000000000000000000e+00
1.646011502308549694e-04 0.000000000000000000e+00
1.715808985610004888e-04 0.000000000000000000e+00
1.788566161883461936e-04 0.000000000000000000e+00
1.864408533970487037e-04 0.000000000000000000e+00
1.943466926536020084e-04 0.000000000000000000e+00
2.025877711735017152e-04 0.000000000000000000e+00
2.111783044448244291e-04 0.000000000000000000e+00
2.201331107493032435e-04 0.000000000000000000e+00
2.294676367231936100e-04 0.000000000000000000e+00
2.391979840020239806e-04 0.000000000000000000e+00
2.493409369951880578e-04 0.000000000000000000e+00
2.599139918382933163e-04 0.000000000000000000e+00
2.709353865732051759e-04 0.000000000000000000e+00
2.824241326078435750e-04 0.000000000000000000e+00
2.944000475100033644e-04 0.000000000000000000e+00
3.068837891917642214e-04 0.000000000000000000e+00
3.198968915434537695e-04 0.000000000000000000e+00
3.334618015786362691e-04 0.000000000000000000e+00
3.476019181541977528e-04 0.000000000000000000e+00
3.623416323323150009e-04 0.000000000000000000e+00
3.777063694539368501e-04 0.000000000000000000e+00
3.937226329963483128e-04 0.000000000000000000e+00
4.104180502904709112e-04 0.000000000000000000e+00
4.278214201767617064e-04 0.000000000000000000e+00
4.459627626819095405e-04 0.000000000000000000e+00
4.648733708020256735e-04 0.000000000000000000e+00
4.845858644816495643e-04 0.000000000000000000e+00
5.051342468816766339e-04 0.000000000000000000e+00
5.265539630332755463e-04 0.000000000000000000e+00
5.488819609789671698e-04 0.000000000000000000e+00
5.721567555063251324e-04 0.000000000000000000e+00
5.964184945842459888e-04 0.000000000000000000e+00
6.217090286163827213e-04 0.000000000000000000e+00
6.480719826311970690e-04 0.000000000000000000e+00
6.755528315331646438e-04 0.000000000000000000e+00
7.041989785449296116e-04 0.000000000000000000e+00
7.340598369757211656e-04 0.000000000000000000e+00
7.651869154570825919e-04 0.000000000000000000e+00
7.976339067929281382e-04 0.000000000000000000e+00
8.314567805772064444e-04 0.000000000000000000e+00
8.667138797389232780e-04 0.000000000000000000e+00
9.034660211810534520e-04 0.000000000000000000e+00
9.417766006869518567e-04 0.000000000000000000e+00
9.817117022752194430e-04 0.000000000000000000e+00
1.023340212191642265e-03 0.000000000000000000e+00
1.066733937734857043e-03 0.000000000000000000e+00
1.111967731120698868e-03 0.000000000000000000e+00
1.159119618598885779e-03 0.000000000000000000e+00
1.208270935044775986e-03 0.000000000000000000e+00
1.259506464258359050e-03 0.000000000000000000e+00
1.312914585212465388e-03 0.000000000000000000e+00
1.368587424502519176e-03 0.000000000000000000e+00
1.426621015260738298e-03 0.000000000000000000e+00
1.487115462808953712e-03 0.000000000000000000e+00
1.550175117335770431e-03 0.000000000000000000e+00
1.615908753895919101e-03 0.000000000000000000e+00
1.684429760042315200e-03 0.000000000000000000e+00
1.755856331414468868e-03 0.000000000000000000e+00
1.830311675620613105e-03 0.000000000000000000e+00
1.907924224765265072e-03 0.000000000000000000e+00
1.988827856988809647e-03 0.000000000000000000e+00
2.073162127401230979e-03 0.000000000000000000e+00
2.161072508808376501e-03 0.000000000000000000e+00
2.252710642645982652e-03 0.000000000000000000e+00
2.348234600554276272e-03 0.000000000000000000e+00
2.447809157044440395e-03 0.000000000000000000e+00
2.551606073727186348e-03 0.000000000000000000e+00
2.659804395593758260e-03 0.000000000000000000e+00
2.772590759860484120e-03 0.000000000000000000e+00
2.890159717909511570e-03 0.000000000000000000e+00
3.012714070881164323e-03 0.000000000000000000e+00
3.140465219496752208e-03 0.000000000000000000e+00
3.273633528715247550e-03 0.000000000000000000e+00
3.412448707852889368e-03 0.000000000000000000e+00
3.557150206821386215e-03 0.000000000000000000e+00
3.707987629168172684e-03 0.000000000000000000e+00
3.865221162631261604e-03 0.000000000000000000e+00
4.029122027951351735e-03 0.000000000000000000e+00
4.199972946715306577e-03 0.000000000000000000e+00
4.378068629038166758e-03 0.000000000000000000e+00
4.563716281924763696e-03 0.000000000000000000e+00
4.757236139187889269e-03 0.000000000000000000e+00
4.958962013837216881e-03 0.000000000000000000e+00
5.169241873891603813e-03 0.000000000000000000e+00
5.388438442608223244e-03 0.000000000000000000e+00
5.616929824163809787e-03 0.000000000000000000e+00
5.855110155867243767e-03 0.000000000000000000e+00
6.103390288028621123e-03 0.000000000000000000e+00
6.362198492657488921e-03 0.000000000000000000e+00
6.631981202212675758e-03 0.000000000000000000e+00
6.913203779678127325e-03 0.000000000000000000e+00
7.206351321293052656e-03 0.000000000000000000e+00
7.511929493320968799e-03 0.000000000000000000e+00
7.830465404301182805e-03 0.000000000000000000e+00
8.162508514287236672e-03 0.000000000000000000e+00
8.508631582640582489e-03 0.000000000000000000e+00
8.869431656014713575e-03 0.000000000000000000e+00
9.245531098233580533e-03 0.000000000000000000e+00
9.637578663841088814e-03 0.000000000000000000e+00
1.004625061717341269e-02 0.000000000000000000e+00
1.047225189888435423e-02 0.000000000000000000e+00
1.091631734193614783e-02 0.000000000000000000e+00
1.137921293915315074e-02 0.000000000000000000e+00
1.186173716452479203e-02 0.000000000000000000e+00
1.236472235053714952e-02 0.000000000000000000e+00
1.288903612390892781e-02 0.000000000000000000e+00
1.343558290220826269e-02 0.000000000000000000e+00
1.400530545393221041e-02 0.000000000000000000e+00
1.459918652473978645e-02 0.000000000000000000e+00
1.521825053264387086e-02 0.000000000000000000e+00
1.586356533508591349e-02 0.000000000000000000e+00
1.653624407094180307e-02 0.000000000000000000e+00
1.723744708063619860e-02 0.000000000000000000e+00
1.796838390767721214e-02 0.000000000000000000e+00
1.873031538506438401e-02 0.000000000000000000e+00
1.952455581016860828e-02 0.000000000000000000e+00
2.035247521183577643e-02 0.000000000000000000e+00
2.121550171362452525e-02 0.000000000000000000e+00
2.211512399725488673e-02 0.000000000000000000e+00
2.305289387051708341e-02 0.000000000000000000e+00
2.403042894406969693e-02 0.000000000000000000e+00
2.504941542174505056e-02 0.000000000000000000e+00
2.611161100917459496e-02 0.000000000000000000e+00
2.721884794575179720e-02 0.000000000000000000e+00
2.837303616516214516e-02 0.000000000000000000e+00
2.957616658993253433e-02 0.000000000000000000e+00
3.083031456568276901e-02 0.000000000000000000e+00
3.213764344100279030e-02 0.000000000000000000e+00
3.350040829913136092e-02 0.000000000000000000e+00
3.492095984787271096e-02 0.000000000000000000e+00
3.640174847446141226e-02 0.000000000000000000e+00
3.794532847236942175e-02 0.000000000000000000e+00
3.955436244734701623e-02 0.000000000000000000e+00
4.123162591029752577e-02 0.000000000000000000e+00
4.298001206490798670e-02 0.000000000000000000e+00
4.480253679829494101e-02 0.000000000000000000e+00
4.670234388327335062e-02 0.000000000000000000e+00
4.868271040122283677e-02 0.000000000000000000e+00
5.074705239490471392e-02 0.000000000000000000e+00
5.289893076098151070e-02 0.000000000000000000e+00
5.514205739240302107e-02 0.000000000000000000e+00
5.748030158125357059e-02 0.000000000000000000e+00
5.991769669310618995e-02 0.000000000000000000e+00
6.245844712439618113e-02 0.000000000000000000e+00
6.510693555481461559e-02 0.000000000000000000e+00
6.786773050723302059e-02 0.000000000000000000e+00
7.074559422819878818e-02 0.000000000000000000e+00
7.374549090259553685e-02 0.000000000000000000e+00
7.687259521663736273e-02 0.000000000000000000e+00
8.013230128396886531e-02 0.000000000000000000e+00
8.353023195026779146e-02 0.000000000000000000e+00
8.707224849239922349e-02 0.000000000000000000e+00
9.076446072885366312e-02 0.000000000000000000e+00
9.461323755890770071e-02 0.000000000000000000e+00
9.862521794868783775e-02 0.000000000000000000e+00
1.028073223830865829e-01 0.000000000000000000e+00
1.071667648032863240e-01 0.000000000000000000e+00
1.117110650504824221e-01 0.000000000000000000e+00
1.164480618372686627e-01 0.000000000000000000e+00
1.213859262690629021e-01 0.000000000000000000e+00
1.265331759388942934e-01 0.000000000000000000e+00
1.318986896198670600e-01 0.000000000000000000e+00
1.374917225806420451e-01 0.000000000000000000e+00
1.433219225503573890e-01 0.000000000000000000e+00
1.493993463605257643e-01 0.000000000000000000e+00
1.557344772926135268e-01 0.000000000000000000e+00
1.623382431612279964e-01 0.000000000000000000e+00
1.692220351641037235e-01 0.000000000000000000e+00
1.763977275314045357e-01 0.000000000000000000e+00
1.838776980082328649e-01 0.000000000000000000e+00
1.916748492056815079e-01 0.000000000000000000e+00
1.998026308572550813e-01 0.000000000000000000e+00
2.082750630190516317e-01 0.000000000000000000e+00
2.171067602537267160e-01 0.000000000000000000e+00
2.263129568399529778e-01 0.000000000000000000e+00
2.359095330508636235e-01 0.000000000000000000e+00
2.459130425468046555e-01 0.000000000000000000e+00
2.563407409296514783e-01 0.000000000000000000e+00
2.672106155079435053e-01 0.000000000000000000e+00
2.785414163241768937e-01 0.000000000000000000e+00
2.903526884977813971e-01 0.000000000000000000e+00
3.026648059395692369e-01 0.000000000000000000e+00
3.154990064958088647e-01 0.000000000000000000e+00
3.288774285825513677e-01 0.000000000000000000e+00
3.428231493733970847e-01 0.000000000000000000e+00
3.573602246065788468e-01 0.000000000000000000e+00
3.725137300800213103e-01 0.000000000000000000e+00
3.883098049059605095e-01 0.000000000000000000e+00
4.047756965997322265e-01 0.000000000000000000e+00
4.219398080805028539e-01 0.000000000000000000e+00
4.398317466650228380e-01 0.000000000000000000e+00
4.584823751389096036e-01 0.000000000000000000e+00
4.779238649935599881e-01 0.000000000000000000e+00
4.981897519205165104e-01 0.000000000000000000e+00
5.193149936590212290e-01 0.000000000000000000e+00
5.413360302965380955e-01 0.000000000000000000e+00
5.642908471262542136e-01 0.000000000000000000e+00
5.882190401699961546e-01 0.000000000000000000e+00
6.131618844795775347e-01 0.000000000000000000e+00
6.391624053344004963e-01 0.000000000000000000e+00
6.662654524581156368e-01 0.000000000000000000e+00
6.945177773823696388e-01 0.000000000000000000e+00
7.239681140910876334e-01 0.000000000000000000e+00
7.546672630843894725e-01 0.000000000000000000e+00
7.866681790071590186e-01 0.000000000000000000e+00
8.200260619934131023e-01 0.000000000000000000e+00
8.547984528840413265e-01 0.000000000000000000e+00
8.910453324821522303e-01 0.000000000000000000e+00
9.288292250172499598e-01 0.000000000000000000e+00
9.682153059967085751e-01 0.000000000000000000e+00
1.009271514630571742e+00 0.000000000000000000e+00
1.052068671023622892e+00 0.000000000000000000e+00
1.096680598336869705e+00 0.000000000000000000e+00
1.143184250129150259e+00 0.000000000000000000e+00
1.191659843098558769e+00 0.000000000000000000e+00
1.242190995452618685e+00 0.000000000000000000e+00
1.294864871145904983e+00 0.000000000000000000e+00
1.349772330233941720e+00 0.000000000000000000e+00
1.407008085602686531e+00 0.000000000000000000e+00
1.466670866343968482e+00 0.000000000000000000e+00
1.528863588058729572e+00 0.000000000000000000e+00
1.593693530381776080e+00 0.000000000000000000e+00
1.661272522034292987e+00 0.000000000000000000e+00
1.731717133723356339e+00 0.000000000000000000e+00
1.805148879221110114e+00 0.000000000000000000e+00
1.881694424970555612e+00 0.000000000000000000e+00
1.961485808579433332e+00 0.000000000000000000e+00
2.044660666579117603e+00 0.000000000000000000e+00
2.131362471841437678e+00 0.000000000000000000e+00
2.221740781062886860e+00 0.000000000000000000e+00
2.315951492743154372e+00 0.000000000000000000e+00
2.414157116103017753e+00 0.000000000000000000e+00
2.516527051405394122e+00 0.000000000000000000e+00
2.623237882163123480e+00 0.000000000000000000e+00
2.734473679737579932e+00 0.000000000000000000e+00
2.850426320853437723e+00 0.000000000000000000e+00
2.971295818577333936e+00 0.000000000000000000e+00
3.097290667331413339e+00 0.000000000000000000e+00
3.228628202536733660e+00 0.000000000000000000e+00
3.365534975507094462e+00 0.000000000000000000e+00
3.508247144239796000e+00 0.000000000000000000e+00
3.657010880777493256e+00 0.000000000000000000e+00
3.812082795843887872e+00 0.000000000000000000e+00
3.973730381485612195e+00 0.000000000000000000e+00
4.142232472483898142e+00 0.000000000000000000e+00
4.317879727332021744e+00 0.000000000000000000e+00
4.500975129608050906e+00 0.000000000000000000e+00
4.691834510607798769e+00 0.000000000000000000e+00
4.890787094139589897e+00 0.000000000000000000e+00
5.098176064420429476e+00 0.000000000000000000e+00
5.314359158053241217e+00 0.000000000000000000e+00
5.539709281106400596e+00 0.000000000000000000e+00
5.774615152359825920e+00 0.000000000000000000e+00
6.019481973827274679e+00 0.000000000000000000e+00
6.274732129711587447e+00 0.000000000000000000e+00
6.540805914998259141e+00 0.000000000000000000e+00
6.818162294944479562e+00 0.000000000000000000e+00
7.107279696773426636e+00 0.000000000000000000e+00
7.408656834939567837e+00 0.000000000000000000e+00
7.722813571388642551e+00 0.000000000000000000e+00
8.050291812295988336e+00 0.000000000000000000e+00
8.391656442830161211e+00 0.000000000000000000e+00
8.747496301554415155e+00 0.000000000000000000e+00
9.118425196146580092e+00 0.000000000000000000e+00
9.505082962189511875e+00 0.000000000000000000e+00
9.908136566858665617e+00 0.000000000000000000e+00
1.032828125941029640e+01 0.000000000000000000e+00
1.076624177045493269e+01 0.000000000000000000e+00
1.122277356208509502e+01 0.000000000000000000e+00
1.169866413101308211e+01 0.000000000000000000e+00
1.219473436696738311e+01 0.000000000000000000e+00
1.271183996869030075e+01 0.000000000000000000e+00
1.325087291997953898e+01 0.000000000000000000e+00
1.381276302832009506e+01 0.000000000000000000e+00
1.439847952876009529e+01 0.000000000000000000e+00
1.500903275579736551e+01 0.000000000000000000e+00
1.564547588616095730e+01 0.000000000000000000e+00
1.630890675549334290e+01 0.000000000000000000e+00
1.700046975206718258e+01 0.000000000000000000e+00
1.772135779080358375e+01 0.000000000000000000e+00
1.847281437099636037e+01 0.000000000000000000e+00
1.925613572129198658e+01 0.000000000000000000e+00
2.007267303562572280e+01 0.000000000000000000e+00
2.092383480396978968e+01 0.000000000000000000e+00
2.181108924191519804e+01 0.000000000000000000e+00
2.273596682327719876e+01 0.000000000000000000e+00
2.370006292009330551e+01 0.000000000000000000e+00
2.470504055456825299e+01 0.000000000000000000e+00
2.575263326771203864e+01 0.000000000000000000e+00
2.684464810961965142e+01 0.000000000000000000e+00
2.798296875655115912e+01 0.000000000000000000e+00
2.916955876018798932e+01 0.000000000000000000e+00
3.040646493467068723e+01 0.000000000000000000e+00
3.169582088726115288e+01 0.000000000000000000e+00
3.303985069871861668e+01 0.000000000000000000e+00
3.444087275973823381e+01 0.000000000000000000e+00
3.590130377007068319e+01 0.000000000000000000e+00
3.742366290721984257e+01 0.000000000000000000e+00
3.901057617190993199e+01 0.000000000000000000e+00
4.066478091781862503e+01 0.000000000000000000e+00
4.238913057338783119e+01 0.000000000000000000e+00
4.418659956385941712e+01 0.000000000000000000e+00
4.606028844202407413e+01 0.000000000000000000e+00
4.801342923653454875e+01 0.000000000000000000e+00
5.004939102700953413e+01 0.000000000000000000e+00
5.217168575554354248e+01 0.000000000000000000e+00
5.438397428464801209e+01 0.000000000000000000e+00
5.669007271207433973e+01 0.000000000000000000e+00
5.909395895340976779e+01 0.000000000000000000e+00
6.159977960380168582e+01 0.000000000000000000e+00
6.421185709064758385e+01 0.000000000000000000e+00
6.693469712958668083e+01 0.000000000000000000e+00
6.977299649665538084e+01 0.000000000000000000e+00
7.273165113001469706e+01 0.000000000000000000e+00
7.581576457522118062e+01 0.000000000000000000e+00
7.903065678861348431e+01 0.000000000000000000e+00
8.238187331399618074e+01 0.000000000000000000e+00
8.587519484845179818e+01 0.000000000000000000e+00
8.951664721378301692e+01 0.000000000000000000e+00
9.331251175078259052e+01 0.000000000000000000e+00
9.726933615426177937e+01 0.000000000000000000e+00
1.013939457675291749e+02 0.000000000000000000e+00
1.056934553557989460e+02 0.000000000000000000e+00
1.101752813788387328e+02 0.000000000000000000e+00
1.148471547840289020e+02 0.000000000000000000e+00
1.197171343418968092e+02 0.000000000000000000e+00
1.247936205471311411e+02 0.000000000000000000e+00
1.300853701090573225e+02 0.000000000000000000e+00
1.356015110565634814e+02 0.000000000000000000e+00
1.413515584835395771e+02 0.000000000000000000e+00
1.473454309619837375e+02 0.000000000000000000e+00
1.535934676510898669e+02 0.000000000000000000e+00
1.601064461318317740e+02 0.000000000000000000e+00
1.668956009978026600e+02 0.000000000000000000e+00
1.739726432343802571e+02 0.000000000000000000e+00
1.813497804196495338e+02 0.000000000000000000e+00
1.890397377819223266e+02 0.000000000000000000e+00
1.970557801501800270e+02 0.000000000000000000e+00
2.054117348353064187e+02 0.000000000000000000e+00
2.141220154815731576e+02 0.000000000000000000e+00
2.232016469295234629e+02 0.000000000000000000e+00
2.326662911331457906e+02 0.000000000000000000e+00
2.425322741760355427e+02 0.000000000000000000e+00
2.528166144331500504e+02 0.000000000000000000e+00
2.635370519267398208e+02 0.000000000000000000e+00
2.747120789270814498e+02 0.000000000000000000e+00
2.863609718508116089e+02 0.000000000000000000e+00
2.985038245118735745e+02 0.000000000000000000e+00
3.111615827824363123e+02 0.000000000000000000e+00
3.243560807235811581e+02 0.000000000000000000e+00
3.381100782480688736e+02 0.000000000000000000e+00
3.524473003801587652e+02 0.000000000000000000e+00
3.673924781802074335e+02 0.000000000000000000e+00
3.829713914046284913e+02 0.000000000000000000e+00
3.992109129748053533e+02 0.000000000000000000e+00
4.161390553316707042e+02 0.000000000000000000e+00
4.337850187558993298e+02 0.000000000000000000e+00
4.521792417370701855e+02 0.000000000000000000e+00
4.713534534786916765e+02 0.000000000000000000e+00
4.913407286296366578e+02 0.000000000000000000e+00
5.121755443364240818e+02 0.000000000000000000e+00
5.338938397147361457e+02 0.000000000000000000e+00
5.565330778427651239e+02 0.000000000000000000e+00
5.801323103833378809e+02 0.000000000000000000e+00
6.047322449462654959e+02 0.000000000000000000e+00
6.303753153071281758e+02 0.000000000000000000e+00
6.571057546036270196e+02 0.000000000000000000e+00
6.849696716357453852e+02 0.000000000000000000e+00
7.140151304013403433e+02 0.000000000000000000e+00
7.442922330043758166e+02 0.000000000000000000e+00
7.758532060787844102e+02 0.000000000000000000e+00
8.087524908770457159e+02 0.000000000000000000e+00
8.430468371788966806e+02 0.000000000000000000e+00
8.787954011821328777e+02 0.000000000000000000e+00
9.160598475443709958e+02 0.000000000000000000e+00
9.549044557518096781e+02 0.000000000000000000e+00
9.953962309984243575e+02 0.000000000000000000e+00
1.037605019766911710e+03 0.000000000000000000e+00
1.081603630310711651e+03 0.000000000000000000e+00
1.127467958244947340e+03 0.000000000000000000e+00
1.175277117462945171e+03 0.000000000000000000e+00
1.225113576604120226e+03 0.000000000000000000e+00
1.277063301308644668e+03 0.000000000000000000e+00
1.331215902504307678e+03 0.000000000000000000e+00
1.387664790981310034e+03 0.000000000000000000e+00
1.446507338521647171e+03 0.000000000000000000e+00
1.507845045861050949e+03 0.000000000000000000e+00
1.571783717773164426e+03 0.000000000000000000e+00
1.638433645577984635e+03 0.000000000000000000e+00
1.707909797389430423e+03 0.000000000000000000e+00
1.780332016430115573e+03 0.000000000000000000e+00
1.855825227755518881e+03 0.000000000000000000e+00
1.934519653744048128e+03 0.000000000000000000e+00
2.016551038724748423e+03 0.000000000000000000e+00
2.102060883130158345e+03 0.000000000000000000e+00
2.191196687578151796e+03 0.000000000000000000e+00
2.284112207303825471e+03 0.000000000000000000e+00
2.380967717380358408e+03 0.000000000000000000e+00
2.481930289186257596e+03 0.000000000000000000e+00
2.587174078595923675e+03 0.000000000000000000e+00
2.696880626390692669e+03 0.000000000000000000e+00
2.811239171408466973e+03 0.000000000000000000e+00
2.930446976972144512e+03 0.000000000000000000e+00
3.054709671159974278e+03 0.000000000000000000e+00
3.184241601504656046e+03 0.000000000000000000e+00
3.319266204733189625e+03 0.000000000000000000e+00
3.460016392185115819e+03 0.000000000000000000e+00
3.606734951574031584e+03 0.000000000000000000e+00
3.759674965785467521e+03 0.000000000000000000e+00
3.919100249433410227e+03 0.000000000000000000e+00
4.085285803928565656e+03 0.000000000000000000e+00
4.258518291843414772e+03 0.000000000000000000e+00
4.439096531392175166e+03 0.000000000000000000e+00
4.627332011878693265e+03 0.000000000000000000e+00
4.823549431001467383e+03 0.000000000000000000e+00
5.028087254942484833e+03 0.000000000000000000e+00
5.241298302206061635e+03 0.000000000000000000e+00
5.463550352214875602e+03 0.000000000000000000e+00
5.695226779712830648e+03 0.000000000000000000e+00
5.936727216069126371e+03 0.000000000000000000e+00
6.188468238624395781e+03 0.000000000000000000e+00
6.450884089267698982e+03 0.000000000000000000e+00
6.724427423484249630e+03 0.000000000000000000e+00
7.009570091165632221e+03 0.000000000000000000e+00
7.306803950529507347e+03 0.000000000000000000e+00
7.616641716552891921e+03 0.000000000000000000e+00
7.939617845382291307e+03 0.000000000000000000e+00
8.276289456246351619e+03 0.000000000000000000e+00
8.627237292461450124e+03 0.000000000000000000e+00
8.993066723187632306e+03 0.000000000000000000e+00
9.374408787663000112e+03 0.000000000000000000e+00
9.771921283717996630e+03 0.000000000000000000e+00
1.018628990244688612e+04 0.000000000000000000e+00
1.061822941099386844e+04 0.000000000000000000e+00
1.106848488549411923e+04 0.000000000000000000e+00
1.153783299629661997e+04 0.000000000000000000e+00
1.202708334768514396e+04 0.000000000000000000e+00
1.253707987440919715e+04 0.000000000000000000e+00
1.306870229743347591e+04 0.000000000000000000e+00
1.362286764141649655e+04 0.000000000000000000e+00
1.420053181653681713e+04 0.000000000000000000e+00
1.480269126739510102e+04 0.000000000000000000e+00
1.543038469183567759e+04 0.000000000000000000e+00
1.608469483265355120e+04 0.000000000000000000e+00
1.676675034527701064e+04 0.000000000000000000e+00
1.747772774464684335e+04 0.000000000000000000e+00
1.821885343465165352e+04 0.000000000000000000e+00
1.899140582361935594e+04 0.000000000000000000e+00
1.979671752951336748e+04 0.000000000000000000e+00
2.063617767863856716e+04 0.000000000000000000e+00
2.151123430182167067e+04 0.000000000000000000e+00
2.242339683219849758e+04 0.000000000000000000e+00
2.337423870891812476e+04 0.000000000000000000e+00
2.436540009125466167e+04 0.000000000000000000e+00
2.539859068780729285e+04 0.000000000000000000e+00
2.647559270567074782e+04 0.000000000000000000e+00
2.759826392466180550e+04 0.000000000000000000e+00
2.876854090190597344e+04 0.000000000000000000e+00
2.998844231231036974e+04 0.000000000000000000e+00
3.126007243068703610e+04 0.000000000000000000e+00
3.258562476153229727e+04 0.000000000000000000e+00
3.396738582272216445e+04 0.000000000000000000e+00
3.540773908965269948e+04 0.000000000000000000e+00
3.690916910662782175e+04 0.000000000000000000e+00
3.847426577258513862e+04 0.000000000000000000e+00
4.010572880855495896e+04 0.000000000000000000e+00
4.180637241455761978e+04 0.000000000000000000e+00
4.357913012397038983e+04 0.000000000000000000e+00
4.542705986374042550e+04 0.000000000000000000e+00
4.735334922917121003e+04 0.000000000000000000e+00
4.936132098237927130e+04 0.000000000000000000e+00
5.145443878390924510e+04 0.000000000000000000e+00
5.363631316739245813e+04 0.000000000000000000e+00
5.591070776755304541e+04 0.000000000000000000e+00
5.828154581230839540e+04 0.000000000000000000e+00
6.075291689016076998e+04 0.000000000000000000e+00
6.332908400455127412e+04 0.000000000000000000e+00
6.601449092734883016e+04 0.000000000000000000e+00
6.881376986415669671e+04 0.000000000000000000e+00
7.173174944465627777e+04 0.000000000000000000e+00
7.477346305177580507e+04 0.000000000000000000e+00
7.794415750404950813e+04 0.000000000000000000e+00
8.124930210614064708e+04 0.000000000000000000e+00
8.469459808314575639e+04 0.000000000000000000e+00
8.828598841495149827e+04 0.000000000000000000e+00
9.202966808760428103e+04 0.000000000000000000e+00
9.593209477938270720e+04 0.000000000000000000e+00
1.000000000000000000e+05 0.000000000000000000e+00
