# label=highfre644 transition radiation
# source_module=highfre644v
# source_component=axion_transition
# source_transition_family=bohr
# source_frequency_frame=observer
# source_redshift=0.0000000000000000e+00
# source_luminosity_distance_m=3.0856775814913671e+19
# rate_model=remnant_cloud_effective
# r0_gpc3_yr=1.0000000000000000e+00
# r_eff0_gpc3_yr=1.0000000000000000e+00
# rate_evolution=constant
# z_model=1.0000000000000000e+01
# f_ret=1.0000000000000000e+00
# f_2g=1.0000000000000000e+00
# f_cloud=1.0000000000000000e+00
# f_duty=1.0000000000000000e+00
# remnant_spin=6.9999999999999996e-01
# spin_model=GerosaBerti2017
# kerr_m_omega_h=2.0418368367551071e-01
# cloud_azimuthal_m=4
# superradiant_spin_threshold=2.9339853300733498e-01
# p_superradiant=1.0000000000000000e+00
# nu_cut_hz=2.5808713170418781e+02
# characteristic_mass_msun=5.0500000000000000e-01
# hubble_h0_si=2.1953038906696129e-18
# rho_c_energy_density_si=7.7465150935130668e-10
# omega_gw_formula=f_over_rho_c_H0_integral_R_eff_dE_dnu_over_1plusz_Ez
# single_event_spectrum_frame=local_source_z0
# energy_spectrum_prefactor=two_pi_squared_c_cubed_over_G
# source_angle_average_factor=5.3333333333333333e-01
# single_event_fourier_convention=h_tilde_integral_h_exp_minus_2pi_i_f_t_dt
# columns=frequency_hz omega_gw
6.638316692667083855e-04 1.400423776999929708e-41
6.811767054663187427e-04 1.653445824919098334e-40
6.989749443296383504e-04 3.382330939482823764e-40
7.172382274378553664e-04 5.690618146141561299e-40
7.359787057768839638e-04 7.944849323367775341e-40
7.552088478216951702e-04 1.087982227069840648e-39
7.749414478318801059e-04 1.377664607399540175e-39
7.951896343639722328e-04 1.747285709868655978e-39
8.159668790061785004e-04 2.115266739354589637e-39
8.372870053413367835e-04 2.577071565435387462e-39
8.591641981440711808e-04 3.040132725655349669e-39
8.816130128182494497e-04 3.613260977799683239e-39
9.046483850810275876e-04 4.191428724284970883e-39
9.282856408999349499e-04 4.898658217337595272e-39
9.525405066895927192e-04 5.615795267829602588e-39
9.774291197748598801e-04 6.484197581436471625e-39
1.002968039127375300e-03 7.368697639075248998e-39
1.029174256382622268e-03 8.430407512978500455e-39
1.056065207144858686e-03 9.516010917882878909e-39
1.083658782587426433e-03 1.080912847937722813e-38
1.111973341356168850e-03 1.213587913734732400e-38
1.141027721783861599e-03 1.370552713737925316e-38
1.170841254423788183e-03 1.532089437350081963e-38
1.201433774910813049e-03 1.722045616816598296e-38
1.232825637158486238e-03 1.918064895929585659e-38
1.265037726900969427e-03 2.147321707260260254e-38
1.298091475588807834e-03 2.384472249703132478e-38
1.332008874647767601e-03 2.660468405709803012e-38
1.366812490110237135e-03 2.945976112415679400e-38
1.402525477628940040e-03 3.275724082870479749e-38
1.439171597882924099e-03 3.616931986411437968e-38
1.476775232386087636e-03 4.009512947289052085e-38
1.515361399708776069e-03 4.416293378869539789e-38
1.554955772123210863e-03 4.882693386188853638e-38
1.595584692683844679e-03 5.366566048530561238e-38
1.637275192754015759e-03 5.919586402773070705e-38
1.680055009990533534e-03 6.493980296894375311e-38
1.723952606798190420e-03 7.148523493533742195e-38
1.768997189266450836e-03 7.829078379632396098e-38
1.815218726600954053e-03 8.602476708973249256e-38
1.862647971062706851e-03 9.407389630144822564e-38
1.911316478428288666e-03 1.031978227271776250e-37
1.961256628984635406e-03 1.127020534029581187e-37
2.012501649072398566e-03 1.234462817028621173e-37
2.065085633192191312e-03 1.346125447580405809e-37
2.119043566688467994e-03 1.471665238041807617e-37
2.174411349026064786e-03 1.602099976488052866e-37
2.231225817674965372e-03 1.748457700406061109e-37
2.289524772619111730e-03 1.900570983848688813e-37
2.349347001505618440e-03 2.070938340285663034e-37
2.410732305451081595e-03 2.248057900368221647e-37
2.473721525522200749e-03 2.446084346767429090e-37
2.538356569908281016e-03 2.652015574007775150e-37
2.604680441803715850e-03 2.881868556740002810e-37
2.672737268019024625e-03 3.120923136618883203e-37
2.742572328339432444e-03 3.386601472735424572e-37
2.814232085650568947e-03 3.661916500857008029e-37
2.887764216851290960e-03 3.967159012098003921e-37
2.963217644574250506e-03 4.283454420856997353e-37
3.040642569735232167e-03 4.633674878594904772e-37
3.120090504933009309e-03 4.996555580105777400e-37
3.201614308721859037e-03 5.397843612273349648e-37
3.285268220779588664e-03 5.813614005459220329e-37
3.371107897994441750e-03 6.272501451883153147e-37
3.459190451494937799e-03 6.746341686900264322e-37
3.549574484647203664e-03 7.267280100918906328e-37
3.642320132045177850e-03 7.804975377882331129e-37
3.737489099519537665e-03 8.395570218474815899e-37
3.835144705192023665e-03 9.005092013953411934e-37
3.935351921602443792e-03 9.673932180097525366e-37
4.038177418936435455e-03 1.036381721684866778e-36
4.143689609382656194e-03 1.111809322039113520e-36
4.251958692649027670e-03 1.189409134207007623e-36
4.363056702668213251e-03 1.274174734506363145e-36
4.477057555523473141e-03 1.361387252009657980e-36
4.594037098626732249e-03 1.456587679630057435e-36
4.714073161181649672e-03 1.554503862998638412e-36
4.837245605965176908e-03 1.661090239588881902e-36
4.963636382462105825e-03 1.770534082544422367e-36
5.093329581387988705e-03 1.889599103125251701e-36
5.226411490636622727e-03 2.011897964768668745e-36
5.362970652689395476e-03 2.144856095109054042e-36
5.503097923524635435e-03 2.281291867569658335e-36
5.646886533066234649e-03 2.429343055884415686e-36
5.794432147211639982e-03 2.581312784382008282e-36
5.945832931480629462e-03 2.746144617412011368e-36
6.101189616327088241e-03 2.915361646856488543e-36
6.260605564157330043e-03 3.098623131738676863e-36
6.424186838099477971e-03 3.286760128935433352e-36
6.592042272569766451e-03 3.490393526709083229e-36
6.764283545682553238e-03 3.699517881967381583e-36
6.941025253552404739e-03 3.925577770293870012e-36
7.122384986537524248e-03 4.157769670410899930e-36
7.308483407475355707e-03 4.405409999492702297e-36
7.499444331962344841e-03 4.629665634805668551e-36
7.695394810731373027e-03 4.863530558920907751e-36
7.896465214181500741e-03 5.107328410694621256e-36
8.102789319116473696e-03 5.361356672453364582e-36
8.314504397749495138e-03 5.625894263140292644e-36
8.531751309033630895e-03 5.901225507345072630e-36
8.754674592378540801e-03 6.187614167933142112e-36
8.983422563815877254e-03 6.485302543796623622e-36
9.218147414677397775e-03 6.794515097830696882e-36
9.459005312851409206e-03 7.115459156548639400e-36
9.706156506684850832e-03 7.448302356573850148e-36
9.959765431600261371e-03 7.793200858724876648e-36
1.022000081949847594e-02 8.150256309969201986e-36
1.048703581101984549e-02 8.519558496534623481e-36
1.076104807073875909e-02 8.901125368086504675e-36
1.104221990536800348e-02 9.294964342077649636e-36
1.133073838505161725e-02 9.700989349587977768e-36
1.162679546782703632e-02 1.011910441411220553e-35
1.193058812733919540e-02 1.054909527776422660e-35
1.224231848389167703e-02 1.099073777764534656e-35
1.256219393892205570e-02 1.144366098464342124e-35
1.289042731299085143e-02 1.190748277143616491e-35
1.322723698737600373e-02 1.238164401789663569e-35
1.357284704936701815e-02 1.286556912255975120e-35
1.392748744135540416e-02 1.335847314998089641e-35
1.429139411382069659e-02 1.385954789061428537e-35
1.466480918231380555e-02 1.436776939987706826e-35
1.504798108854207145e-02 1.488346907473056678e-35
1.544116476566330907e-02 1.540635485742856813e-35
1.584462180789878230e-02 1.593547057722846890e-35
1.625862064457784736e-02 1.646953728836655163e-35
1.668343671873028303e-02 1.700731952295016446e-35
1.711935267034486036e-02 1.754721401933255341e-35
1.756665852441632175e-02 1.808766134267967483e-35
1.802565188390574738e-02 1.862668387089218082e-35
1.849663812774267682e-02 1.916234856311085954e-35
1.897993061400080408e-02 1.969224779673723066e-35
1.947585088838240525e-02 2.021401987825352477e-35
1.998472889815010659e-02 2.072476540711439355e-35
2.050690321164846258e-02 2.122163305643316716e-35
2.104272124356138321e-02 2.170116312389038692e-35
2.159253948605508247e-02 2.215994714053761755e-35
2.215672374596069916e-02 2.259478818150587414e-35
2.273564938815397438e-02 2.300868167324291186e-35
2.332970158529424146e-02 2.339971187349697527e-35
2.393927557408877943e-02 2.376463526118831335e-35
2.456477691825287996e-02 2.409969986722589170e-35
2.520662177834084167e-02 2.440118915331322277e-35
2.586523718862726931e-02 2.466480000656994138e-35
2.654106134122281163e-02 2.488629925044432508e-35
2.723454387761356857e-02 2.506077918059549232e-35
2.794614618781805782e-02 2.518344369952369556e-35
2.867634171736060597e-02 2.524872330967797119e-35
2.942561628226567083e-02 2.525216932089925302e-35
3.019446839228257309e-02 2.520296258339378523e-35
3.098340958255548644e-02 2.510322584265358956e-35
3.179296475395974875e-02 2.494856259237410712e-35
3.262367252233050463e-02 2.473562901798958333e-35
3.347608557681632652e-02 2.445961030522150435e-35
3.435077104759619998e-02 2.411690582095904530e-35
3.524831088320430628e-02 2.370226319163485945e-35
3.616930223771388370e-02 2.321181873081576358e-35
3.711435786803776726e-02 2.264743817779502675e-35
3.808410654160968023e-02 2.203275141706490683e-35
3.907919345471783101e-02 2.136771501267936826e-35
4.010028066176901662e-02 2.065054132702242976e-35
4.114804751576867092e-02 1.987869123136965059e-35
4.222319112031031746e-02 1.905036029133337196e-35
4.332642679337463110e-02 1.816289335428142027e-35
4.445848854324712524e-02 1.722238819691415413e-35
4.562012955687098914e-02 1.626296076214046043e-35
4.681212270095966299e-02 1.528859975316789369e-35
4.803526103620308491e-02 1.429846427460302505e-35
4.929035834490944068e-02 1.329186129385924949e-35
5.057824967243323283e-02 1.226797103565479935e-35
5.189979188275043592e-02 1.123550134870686577e-35
5.325586422855003305e-02 1.023183114720333702e-35
5.464736893622107461e-02 9.259374218237080920e-36
5.607523180612491304e-02 8.315894216006048933e-36
5.754040282855171773e-02 7.399366116827174558e-36
5.904385681577088707e-02 6.512074936593102748e-36
6.058659405059647896e-02 5.685965805942327918e-36
6.216964095189835005e-02 4.923286693287136390e-36
6.379405075750256560e-02 4.217959462127326920e-36
6.546090422493501537e-02 3.564621781490079588e-36
6.717131035047425869e-02 2.971330605868880734e-36
6.892640710699279860e-02 2.452268908574899126e-36
7.072736220107635197e-02 1.997912670917941886e-36
7.257537384992665541e-02 1.599293292056919707e-36
7.447167157856292297e-02 1.255854958999977837e-36
7.641751703785314154e-02 9.733572772678955545e-37
7.841420484392008783e-02 7.411918580670514892e-37
8.046306343947928763e-02 5.501349144769558096e-37
8.256545597768250033e-02 4.023458547671247325e-37
8.472278122905561870e-02 3.106175013502323135e-37
8.693647451213290522e-02 2.947789179392865126e-37
8.920800864840745803e-02 3.257905328159061706e-37
9.153889494223402257e-02 3.400095544471484224e-37
9.393068418633458705e-02 3.340455064223082762e-37
9.638496769357648986e-02 3.314118662721619336e-37
9.890337835571029468e-02 3.378483216719582221e-37
1.014875917297702185e-01 3.507195594539663020e-37
1.041393271528612829e-01 3.684406702523015399e-37
1.068603488860737777e-01 3.899201834980995621e-37
1.096524672882876750e-01 4.143476216507716942e-37
1.125175400206460813e-01 4.411052443915629507e-37
1.154574732825000144e-01 4.701880776519514401e-37
1.184742230796476253e-01 5.012381821919747673e-37
1.215697965257099972e-01 5.345823046496818454e-37
1.247462531775099526e-01 5.699889853407724085e-37
1.280057064053437554e-01 6.079277027967961013e-37
1.313503247990549794e-01 6.481816101015384186e-37
1.347823336108473491e-01 6.913054197415957839e-37
1.383040162357973279e-01 7.370555381128025557e-37
1.419177157310494708e-01 7.860625643125450346e-37
1.456258363747063300e-01 8.380505647710817776e-37
1.494308452654511676e-01 8.937316957260109653e-37
1.533352739639656792e-01 9.527980862483999300e-37
1.573417201772354390e-01 1.016028142769756080e-36
1.614528494868656405e-01 1.083142226092270942e-36
1.656713971225538540e-01 1.154927346921474988e-36
1.700001697819013280e-01 1.231165847369748953e-36
1.744420474977749491e-01 1.312641226955806169e-36
1.789999855544595064e-01 1.399218194705777769e-36
1.836770164538763239e-01 1.491660435495475397e-36
1.884762519331781017e-01 1.589943195297024939e-36
1.934008850350592279e-01 1.694789341153965585e-36
1.984541922321615692e-01 1.806312997546099955e-36
2.036395356069867491e-01 1.925175161402399449e-36
2.089603650887690012e-01 2.051647028166359381e-36
2.144202207487924394e-01 2.186347318180847645e-36
2.200227351556819366e-01 2.329662385304851521e-36
2.257716357922366912e-01 2.482247976395916980e-36
2.316707475354102541e-01 2.644545389582811426e-36
2.377239952010892221e-01 2.817274578232511452e-36
2.439354061553657138e-01 3.000934587359403051e-36
2.503091129940367421e-01 3.196306946963849598e-36
2.568493562921153606e-01 3.403963684766736281e-36
2.635604874251849528e-01 3.624743679763461232e-36
2.704469714644697209e-01 3.859309314873006192e-36
2.775133901475493881e-01 4.108539071694869727e-36
2.847644449266968913e-01 4.373199359102453061e-36
2.922049600968630867e-01 4.654208851861802306e-36
2.998398860053910764e-01 4.952438075617237119e-36
3.076743023455988935e-01 5.269131153319374150e-36
3.157134215364165164e-01 5.741862430186292321e-36
3.239625921903279693e-01 6.164512769740176541e-36
3.324273026719293256e-01 6.555033192847849828e-36
3.411131847494640601e-01 6.968747677019552330e-36
3.500260173417679699e-01 7.406805272140650452e-36
3.591717303631200009e-01 7.870431052926863842e-36
3.685564086685505503e-01 8.360808242127873756e-36
3.781862961022370850e-01 8.879199411305241133e-36
3.880677996516773698e-01 9.427001968408194292e-36
3.982074937104089218e-01 1.000523979488042396e-35
4.086121244521044304e-01 1.061569492740658460e-35
4.192886143189563652e-01 1.125917137828359893e-35
4.302440666273409375e-01 1.193792441057736898e-35
4.414857702938179695e-01 1.265166078893161233e-35
4.530212046846145979e-01 1.340576750493577133e-35
4.648580445918241710e-01 1.419761084030445506e-35
4.770041653396219217e-01 1.783125081045796177e-35
4.894676480238994154e-01 7.929850902491843340e-27
5.022567848888079833e-01 1.546113473752997104e-26
5.153800848437798399e-01 1.647545813831005938e-26
5.288462791247008354e-01 1.759299102471933027e-26
5.426643271030080484e-01 1.873783299267235223e-26
5.568434222465655781e-01 2.001868407199562888e-26
5.713929982362899729e-01 2.131123437671789921e-26
5.863227352426009231e-01 2.277068883590862763e-26
6.016425663658611089e-01 2.423847403338177797e-26
6.173626842450965491e-01 2.589379372331063723e-26
6.334935478393997066e-01 2.756811436261240262e-26
6.500458893865151966e-01 2.944532015110559588e-26
6.670307215432452752e-01 3.135532273414685719e-26
6.844593447124291963e-01 3.348382561878351466e-26
7.023433545613609885e-01 3.566274608161793615e-26
7.206946497366574222e-01 3.807098628239068039e-26
7.395254397807001778e-01 4.056149296469277337e-26
7.588482532549326587e-01 4.327784123965431480e-26
7.786759460754000273e-01 4.613223345811709881e-26
7.990217100660861327e-01 4.919556343876754784e-26
8.198990817357445504e-01 5.246642722420139512e-26
8.413219512840496295e-01 5.592034626439310336e-26
8.633045718430661930e-01 5.966768966332302915e-26
8.858615689601937460e-01 6.356106143896211328e-26
9.090079503288799323e-01 6.785330506890458370e-26
9.327591157735845018e-01 7.224081251460546252e-26
9.571308674956452434e-01 7.714887457366030060e-26
9.821394205868463345e-01 8.209863926032850170e-26
1.007801413817691838e+00 8.770657088433756364e-26
1.034133920707572152e+00 9.329129272571673536e-26
1.061154460884169204e+00 9.964834845580734411e-26
1.088881011739667670e+00 1.059953149248966345e-25
1.117332020391538450e+00 1.131662815463301599e-25
1.146526415955829270e+00 1.204093948685717581e-25
1.176483622141142327e+00 1.284941551610339953e-25
1.207223570171684690e+00 1.367562879884669467e-25
1.238766712047970620e+00 1.458656700641382014e-25
1.271134034154008496e+00 1.552852749204138996e-25
1.304347071220035792e+00 1.655418451255870002e-25
1.338427920650070435e+00 1.762745182047800427e-25
1.373399257223828274e+00 1.877980241099924854e-25
1.409284348182775037e+00 2.000333672825275375e-25
1.446107068710369425e+00 2.129591855979504693e-25
1.483891917816773320e+00 2.269045088758186844e-25
1.522664034638606223e+00 2.413877700931443114e-25
1.562449215164605443e+00 2.572658277241673193e-25
1.603273929398291164e+00 2.734741386822093473e-25
1.645165338969069024e+00 2.914961892874049025e-25
1.688151315203501923e+00 3.096448249993546316e-25
1.732260457668745479e+00 3.300130729708124834e-25
1.777522113200497911e+00 3.503627414647234841e-25
1.823966395428141096e+00 3.733459377476485775e-25
1.871624204810031999e+00 3.961263299454251385e-25
1.920527249192288011e+00 4.218833935718157910e-25
1.970708064904764356e+00 4.474673666168202122e-25
2.022200038408223932e+00 4.761025916581784965e-25
2.075037428507116477e+00 5.049470460029949607e-25
2.129255389142769239e+00 5.367047889257430625e-25
2.184889992782114376e+00 5.691504019348471127e-25
2.241978254417529737e+00 6.042749515661505388e-25
2.300558156193784676e+00 6.406782483166085395e-25
2.360668672678438273e+00 6.794078648396004339e-25
2.422349796792513388e+00 7.201370007835116543e-25
2.485642566418730492e+00 7.626968017993196693e-25
2.550589091704952516e+00 8.081263146087258965e-25
2.617232583081048780e+00 8.547002544903371099e-25
2.685617380007785382e+00 9.052248131492682212e-25
2.755788980476913341e+00 9.559718345375552904e-25
2.827794071282029531e+00 1.011963250408637269e-24
2.901680559080375588e+00 1.067022943847773373e-24
2.977497602266264476e+00 1.128330109016790862e-24
3.055295643677292894e+00 1.188294784406526526e-24
3.135126444155121206e+00 1.255005118724972041e-24
3.217043116983181683e+00 1.320153651775717234e-24
3.301100163224167883e+00 1.392411762554372310e-24
3.387353507980846334e+00 1.462880342363732824e-24
3.475860537604344547e+00 1.540740162746155745e-24
3.566680137874612022e+00 1.616664288541969066e-24
3.659872733178484161e+00 1.699475430448076270e-24
3.755500326711451287e+00 1.781603680769512073e-24
3.853626541729810118e+00 1.869225844980757165e-24
3.954316663880683258e+00 1.957712332361778667e-24
4.057637684638094377e+00 2.049950520422559430e-24
4.163658345873943567e+00 2.144933334024725119e-24
4.272449185593550247e+00 2.241547105469701824e-24
4.384082584866253463e+00 2.343158820424964487e-24
4.498632815982205102e+00 2.443874174450671205e-24
4.616176091867430387e+00 2.552254268816573058e-24
4.736790616790084840e+00 2.656777183717232948e-24
4.860556638391551942e+00 2.771951707730411171e-24
4.987556501077051507e+00 2.880107568745736257e-24
5.117874700801304577e+00 3.002196572827114853e-24
5.251597941285638171e+00 3.113762029765156214e-24
5.388815191703989704e+00 1.259289274844057215e-24
5.529617745876142187e+00 2.188366910875391310e-33
5.674099283007651096e+00 2.262798636787338972e-33
5.822355930016779091e+00 2.416970068572804856e-33
5.974486325489945848e+00 2.515734985976116256e-33
6.130591685308302452e+00 2.680380015570552475e-33
6.290775869988989299e+00 2.790268937358132679e-33
6.455145453785926080e+00 2.965120331162756015e-33
6.623809795596172556e+00 3.087407707653754602e-33
6.796881111718919399e+00 3.272129606167153930e-33
6.974474550515595617e+00 3.407050512668788097e-33
7.156708269020761293e+00 3.601298900511709577e-33
7.343703511554667607e+00 3.749511398332123617e-33
7.535584690389997675e+00 3.953113463184964752e-33
7.732479468526185507e+00 4.108773595081474977e-33
7.934518844626582634e+00 4.284937609836509982e-33
8.141837240174904622e+00 4.444454076485865186e-33
8.354572588908986575e+00 4.678043878019454199e-33
8.572866428591222387e+00 4.845014612347922759e-33
8.796863995177032436e+00 5.092582969716171063e-33
9.026714319443637891e+00 5.267999223306713056e-33
9.262570326143713118e+00 5.518755446386834063e-33
9.504588935749774592e+00 5.713812608032319114e-33
9.752931168857026378e+00 5.637158774706974010e-33
1.000776225331402181e+01 5.879685537560483175e-34
1.026925173415270010e+01 5.815653936667892621e-34
1.053757358639055575e+01 6.501904284983973746e-34
1.081290633078025998e+01 6.390387867208236152e-34
1.109543315258367535e+01 7.173493730653397476e-34
1.138534202344927238e+01 6.992338253783308877e-34
1.168282582647393930e+01 7.892791584935405537e-34
1.198808248453271297e+01 7.622127271850954891e-34
1.230131509196137785e+01 8.483634347687667446e-34
1.262273204967985407e+01 7.941902567812983410e-34
1.295254720384616576e+01 9.118603877397042469e-34
1.329097998813327486e+01 8.612332579644689455e-34
1.363825556972329167e+01 9.967417077926706148e-34
1.399460499911658395e+01 9.317848562763983561e-34
1.436026536385492136e+01 2.867950965825561478e-34
1.473547994626135704e+01 3.312565772518644086e-34
1.512049838530158219e+01 3.168412291391053879e-34
1.551557684267453752e+01 3.613147000842821149e-34
1.592097817324276043e+01 3.494532582248702501e-34
1.633697209991568755e+01 3.932557877638533649e-34
1.676383539310276305e+01 3.666882204818499360e-34
1.720185205485508817e+01 3.956379925670590328e-34
1.765131350781859254e+01 4.006312919984234074e-34
1.811251878912429092e+01 4.287383265366712768e-34
1.858577474934466167e+01 4.233651958565549805e-34
1.907139625664829907e+01 1.361275112848549254e-34
1.956970640628922098e+01 2.945984882184574320e-34
2.008103673556951563e+01 1.503294846247983136e-34
2.060572744441880744e+01 3.215932123296978080e-34
2.114412762173718363e+01 1.506280164824644324e-34
2.169659547765216345e+01 3.398896707709959555e-34
2.226349858184405051e+01 1.497899498391444325e-34
2.284521410809880848e+01 3.697206702431550039e-34
2.344212908525037520e+01 1.270589094969721533e-34
2.405464065467995027e+01 1.393596129737450372e-34
2.468315633454338354e+01 1.694940944815569360e-34
2.532809429090249864e+01 2.470683660509885862e-34
2.598988361594047447e+01 1.052019027359848902e-34
2.666896461344713387e+01 1.120789909137612788e-34
2.736578909176306240e+01 2.627340980355718686e-34
2.808082066437824054e+01 9.324004514270819465e-35
2.881453505838483053e+01 1.194177731642749422e-34
2.956742043098946837e+01 1.563790306713165077e-34
3.033997769429563718e+01 2.176616186244236723e-34
3.113272084857183941e+01 2.283460745709571382e-34
3.194617732422830159e+01 7.402472124346562824e-35
3.278088833272838798e+01 9.158557697177922940e-35
3.363740922666922017e+01 1.442715817509972023e-34
3.451630986927064271e+01 1.772306972226776371e-34
3.541817501351849984e+01 8.650730257615103804e-35
3.634360469121408954e+01 1.156633143130557972e-34
3.729321461218965084e+01 5.633369169773356036e-35
3.826763657395414953e+01 8.581796717632705334e-35
3.926751888204284313e+01 1.330769589728079550e-34
4.029352678135002463e+01 1.510717244422598237e-34
4.134634289873195456e+01 4.522475774776838870e-35
4.242666769717400399e+01 9.324642558835693253e-35
4.353521994182544574e+01 5.543907687658747269e-35
4.467273717821022672e+01 8.385776670634196254e-35
4.583997622293320262e+01 5.248464507779203588e-35
4.703771366720781089e+01 9.375112897719093076e-35
4.826674639354027363e+01 1.093199297996769649e-34
4.952789210591364366e+01 8.271100469967135225e-35
5.082198987382582800e+01 1.069700900234462952e-34
5.214990069054158539e+01 7.245810023714212879e-35
5.351250804593141908e+01 9.300031124190296835e-35
5.491071851427788886e+01 6.166802794630222348e-35
5.634546235744048914e+01 7.482106400543949644e-35
5.781769414378059935e+01 5.359187993207039933e-35
5.932839338325746326e+01 6.085492181382658924e-35
6.087856517911959031e+01 8.302603855530662950e-35
6.246924089662278590e+01 7.182038328607366278e-35
6.410147884922153594e+01 7.918923380279976951e-35
6.577636500268944530e+01 5.464316163962341895e-35
6.749501369763765979e+01 6.116075883623120228e-35
6.925856839091090933e+01 4.976691086533045496e-35
7.106820241635674051e+01 5.804531083133956559e-35
7.292511976547116603e+01 5.580159573453574868e-35
7.483055588844231920e+01 5.314302296922626531e-35
7.678577851612404004e+01 4.900355115616660659e-35
7.879208850348686610e+01 5.506618263494505675e-35
8.085082069510636416e+01 4.435147061002051234e-35
8.296334481326711341e+01 4.781238797782792488e-35
8.513106636927007287e+01 5.604853241024178472e-35
8.735542759855206896e+01 4.699445658521572870e-35
8.963790842023846039e+01 4.769984705708970699e-35
9.198002742176782931e+01 5.111367672626200817e-35
9.438334286924271055e+01 4.999648534967300269e-35
9.684945374418127528e+01 5.379517218125795660e-35
9.938000080735609743e+01 4.187546304454583927e-35
1.019766676904305598e+02 3.517357423021422868e-35
1.046411820161179946e+02 3.514885788131805907e-35
1.073753165476092306e+02 3.734041079175247404e-35
1.101808903680332463e+02 4.528237966551039304e-35
1.130597700907344745e+02 3.482378825695058196e-35
1.160138711011753259e+02 3.896876868701097359e-35
1.190451588312856188e+02 3.575309135786354211e-35
1.221556500671103720e+02 3.739454341414139925e-35
1.253474142906242292e+02 4.419762262460150678e-35
1.286225750566061379e+02 3.311394715255411937e-35
1.319833114054885925e+02 4.409558658584134605e-35
1.354318593131252157e+02 2.980764802832053279e-35
1.389705131784365335e+02 2.837525242401108660e-35
1.426016273499268152e+02 3.405755999599131454e-35
1.463276176920869887e+02 2.951173700491064613e-35
1.501509631927254702e+02 3.165411410985137124e-35
1.540742076122950550e+02 3.038183766299672472e-35
1.580999611763176915e+02 3.005077027803804637e-35
1.622309023120266716e+02 2.488626670130038369e-35
1.664697794303869500e+02 2.824099216860774749e-35
1.708194127546764776e+02 2.393241786370679592e-35
1.752826961968466435e+02 2.796097783531881867e-35
1.798625992829076097e+02 2.996818496114873588e-35
1.845621691286249586e+02 2.651569945205939935e-35
1.893845324668350827e+02 2.142322957993018230e-35
1.943328977277334388e+02 2.256282126288287999e-35
1.994105571735175033e+02 2.230325109082063560e-35
2.046208890888053418e+02 1.813248326456435462e-35
2.099673600282870041e+02 1.690635363171568231e-35
2.154535271231021909e+02 1.658258398097432864e-35
2.210830404474845636e+02 1.467595572622937921e-35
2.268596454472392168e+02 1.304575650535823851e-35
2.327871854316749420e+02 1.060067584733485341e-35
2.388696041306472182e+02 8.311281795773805185e-36
2.451109483184135627e+02 5.880904295279990511e-36
2.515153705060443770e+02 3.086368880360079198e-36
2.580871317041878115e+02 0.000000000000000000e+00
