# label=highfre644 transition radiation
# source_module=highfre644v
# source_component=axion_transition
# source_transition_family=bohr
# source_frequency_frame=observer
# source_redshift=0.0000000000000000e+00
# source_luminosity_distance_m=3.0856775814913671e+19
# rate_model=remnant_cloud_effective
# r0_gpc3_yr=1.0000000000000000e+00
# r_eff0_gpc3_yr=1.0000000000000000e+00
# rate_evolution=constant
# z_model=1.0000000000000000e+01
# f_ret=1.0000000000000000e+00
# f_2g=1.0000000000000000e+00
# f_cloud=1.0000000000000000e+00
# f_duty=1.0000000000000000e+00
# remnant_spin=6.9999999999999996e-01
# spin_model=GerosaBerti2017
# kerr_m_omega_h=2.0418368367551071e-01
# cloud_azimuthal_m=4
# superradiant_spin_threshold=2.9339853300733498e-01
# p_superradiant=1.0000000000000000e+00
# nu_cut_hz=2.5818936755772080e+02
# characteristic_mass_msun=5.0500000000000000e-01
# hubble_h0_si=2.1953038906696129e-18
# rho_c_energy_density_si=7.7465150935130668e-10
# omega_gw_formula=f_over_rho_c_H0_integral_R_eff_dE_dnu_over_1plusz_Ez
# single_event_spectrum_frame=local_source_z0
# energy_spectrum_prefactor=two_pi_squared_c_cubed_over_G
# source_angle_average_factor=5.3333333333333333e-01
# single_event_fourier_convention=h_tilde_integral_h_exp_minus_2pi_i_f_t_dt
# columns=frequency_hz omega_gw
1.327588274155290689e-03 5.025059380965623524e-41
1.360386632077959087e-03 5.909763677752888583e-40
1.393995280587976768e-03 1.204189008784062206e-39
1.428434238091066955e-03 1.897197706106346087e-39
1.463724017552032975e-03 2.677967470080268100e-39
1.499885638712948914e-03 3.691796045952744461e-39
1.536940640613201469e-03 4.683513063190181435e-39
1.574911094418844507e-03 5.791939176596616652e-39
1.613819616568905801e-03 7.028294866114951161e-39
1.653689382246467839e-03 8.404782578711040430e-39
1.694544139182571586e-03 1.011992619139158647e-38
1.736408221801132631e-03 1.182931605733433392e-38
1.779306565713317584e-03 1.372291896797651063e-38
1.823264722570006437e-03 1.581779193176403385e-38
1.868308875281188622e-03 1.813245346945308472e-38
1.914465853611356256e-03 2.093815268035650067e-38
1.961763150160185983e-03 2.377023173594695432e-38
2.010228936738027612e-03 2.688865953946123281e-38
2.059892081145950002e-03 3.031915378728203186e-38
2.110782164370346176e-03 3.408959579286142315e-38
2.162929498202329718e-03 3.857056713405433314e-38
2.216365143292429660e-03 4.313551627986924716e-38
2.271120927651314875e-03 4.814019349750555412e-38
2.327229465607606827e-03 5.362310278153913632e-38
2.384724177234029494e-03 5.962593544604852216e-38
2.443639308253493098e-03 6.665486481188910945e-38
2.504009950436963255e-03 7.386562461648779913e-38
2.565872062505262109e-03 8.174494886382881059e-38
2.629262491547254988e-03 9.035012981676752236e-38
2.694218994967175016e-03 9.973750922877322697e-38
2.760780262974163284e-03 1.105725369582001760e-37
2.828985941627417972e-03 1.217097396740583352e-37
2.898876656450679289e-03 1.338073931965275860e-37
2.970494036630112744e-03 1.469418937116380798e-37
3.043880739810010238e-03 1.611952233886145757e-37
3.119080477501070137e-03 1.774996582837902050e-37
3.196138041116400059e-03 1.943151201045448149e-37
3.275099328650741669e-03 2.125381651594523393e-37
3.356011372018799770e-03 2.322786686233164977e-37
3.438922365069000710e-03 2.536544226593652165e-37
3.523881692289307886e-03 2.779318568092708171e-37
3.610939958222232106e-03 3.030388062686275341e-37
3.700149017606545795e-03 3.301946338824814651e-37
3.791562006263655017e-03 3.595565180966149898e-37
3.885233372747025609e-03 3.912927942013074499e-37
3.981218910773514676e-03 4.271203448967598380e-37
4.079575792455923146e-03 4.641920846637882455e-37
4.180362602356574309e-03 5.040797915989521018e-37
4.283639372382185527e-03 5.469820922356056583e-37
4.389467617540812952e-03 5.931101223493083192e-37
4.497910372582219346e-03 6.447536334952056803e-37
4.609032229543407605e-03 6.981502435385920945e-37
4.722899376221743016e-03 7.555020706048258037e-37
4.839579635598565202e-03 8.170830408794901854e-37
4.959142506236764031e-03 8.831836926611882268e-37
5.081659203676385309e-03 9.568773749851428332e-37
5.207202702852925351e-03 1.033132807788593888e-36
5.335847781563585017e-03 1.114902344480334711e-36
5.467671065007355738e-03 1.202348973428574684e-36
5.602751071425483148e-03 1.295731121891686368e-36
5.741168258869496638e-03 1.399101432354865848e-36
5.883005073124634998e-03 1.505710507439925569e-36
6.028345996817251196e-03 1.619451098605690309e-36
6.177277599735408152e-03 1.740763468768380079e-36
6.329888590392670177e-03 1.870115985591596460e-36
6.486269868865779040e-03 2.012867656605492358e-36
6.646514580937712066e-03 2.160082761518173488e-36
6.810718173578309172e-03 2.316620760453320642e-36
6.978978451795646298e-03 2.482778837838570379e-36
7.151395636891850517e-03 2.659111818688345948e-36
7.328072426158182238e-03 2.852574224167148264e-36
7.509114054044885647e-03 3.051376254035926371e-36
7.694628354842253902e-03 3.262204457537349227e-36
7.884725826910245552e-03 3.485731809036586137e-36
8.079519698494908031e-03 3.722550208293243676e-36
8.279125995170806898e-03 3.981115928734926569e-36
8.483663608949637905e-03 4.246027427522622411e-36
8.693254369096190329e-03 4.525905474612848392e-36
8.908023114693793681e-03 4.821557643016429496e-36
9.128097769002583781e-03 5.133833657599148335e-36
9.353609415654742104e-03 5.474127751079625648e-36
9.584692376732177263e-03 5.822269555133190319e-36
9.821484292773128774e-03 6.189070553696130783e-36
1.006412620475536680e-02 6.575535240232926821e-36
1.031276263810477871e-02 6.982708079488573922e-36
1.056754168877942907e-02 7.424939888183011099e-36
1.082861511148033168e-02 7.877227975032408724e-36
1.109613841004149573e-02 8.353002430567510103e-36
1.137027093005307278e-02 8.853514018613326323e-36
1.165117595377277576e-02 9.380066067604322830e-36
1.193902079738211677e-02 9.950415604108381627e-36
1.223397691064538086e-02 1.053358970579798512e-35
1.253621997903065638e-02 1.114654400987916594e-35
1.284593002835386806e-02 1.179083426268882775e-35
1.316329153200799032e-02 1.246804401036436286e-35
1.348849352084140890e-02 1.319969430484100249e-35
1.382172969575086799e-02 1.394809129797761226e-35
1.416319854305599611e-02 1.473421940797808767e-35
1.451310345272426895e-02 1.555990086123585633e-35
1.487165283951667229e-02 1.634499537435441747e-35
1.523906026712632499e-02 1.712730780028669076e-35
1.561554457538397687e-02 1.794112551317708054e-35
1.600133001060612820e-02 1.878741965748690458e-35
1.639664635916345675e-02 1.966704692502606197e-35
1.680172908434905688e-02 2.058084950637501683e-35
1.721681946662801874e-02 2.152967605834383105e-35
1.764216474735198423e-02 2.251428555536052373e-35
1.807801827602411801e-02 2.353543131095216086e-35
1.852463966120232453e-02 2.459379227109085543e-35
1.898229492513056268e-02 2.568993336049034337e-35
1.945125666219035820e-02 2.682437882181639284e-35
1.993180420126691721e-02 2.799754748063617172e-35
2.042422377212645135e-02 2.920982340961281870e-35
2.092880867590401692e-02 3.046144259879657964e-35
2.144585945980319319e-02 3.175247559270581857e-35
2.197568409611177706e-02 3.308291023868852949e-35
2.251859816564012393e-02 3.445255479854274298e-35
2.307492504569135308e-02 3.586114317671706635e-35
2.364499610267540783e-02 3.730817240858926592e-35
2.422915088948164944e-02 3.879287953121863713e-35
2.482773734772766513e-02 4.031434976650275787e-35
2.544111201500460703e-02 4.187138604984658895e-35
2.606964023724259172e-02 4.346264705159724092e-35
2.671369638632263566e-02 4.508642723967255615e-35
2.737366408306474846e-02 4.674062635427016440e-35
2.804993642572499099e-02 4.842288957104750888e-35
2.874291622413755604e-02 5.013043726464080084e-35
2.945301623964150656e-02 5.186066668657609306e-35
3.018065943093481071e-02 5.361524775887304903e-35
3.092627920600234115e-02 5.539271577079257187e-35
3.169031968026777418e-02 5.718982828836643534e-35
3.247323594112323103e-02 5.900291456036311363e-35
3.327549431899411853e-02 6.082807569758884599e-35
3.409757266510071022e-02 6.266081070082636855e-35
3.493996063608195701e-02 6.449603973338498371e-35
3.580315998565086755e-02 6.632818089200409719e-35
3.668768486345539565e-02 6.815105771657789067e-35
3.759406212132270636e-02 6.995814880064288292e-35
3.852283162706929276e-02 7.174210569155518614e-35
3.947454658606382866e-02 7.349477550358216469e-35
4.044977387073426384e-02 7.520732375996367869e-35
4.144909435821557409e-02 7.687010967958236720e-35
4.247310327633907479e-02 7.847299454506325006e-35
4.352241055816949422e-02 8.000472591357963202e-35
4.459764120530097797e-02 8.146075435438773642e-35
4.569943566012839992e-02 8.284991514093649160e-35
4.682845018731572606e-02 8.416378034263417796e-35
4.798535726468854817e-02 8.539209977439700389e-35
4.917084598378390625e-02 8.652381302969315176e-35
5.038562246029555658e-02 8.754690017538113498e-35
5.163041025465951034e-02 8.844870866567126693e-35
5.290595080303019115e-02 8.921601602221012895e-35
5.421300385890396450e-02 8.983475718473377029e-35
5.555234794565309941e-02 9.028985375386664648e-35
5.692478082023949559e-02 9.056501095459703022e-35
5.833111994838493380e-02 9.064319895944143515e-35
5.977220299148014448e-02 9.053780560345833899e-35
6.124888830552325386e-02 9.027383661054480547e-35
6.276205545238455752e-02 8.984034795029679708e-35
6.431260572370224582e-02 8.922484099704015315e-35
6.590146267772103994e-02 8.841491110081266738e-35
6.752957268939357993e-02 8.739795160033098009e-35
6.919790551407210832e-02 8.616124715491998325e-35
7.090745486512643747e-02 8.469099664581882423e-35
7.265923900583197426e-02 8.297206207083306240e-35
7.445430135588043674e-02 8.102757000670235993e-35
7.629371111287468199e-02 7.892547651223939289e-35
7.817856388917752974e-02 7.666297298905093000e-35
8.010998236449434762e-02 7.423469631012577416e-35
8.208911695457735136e-02 7.163483936363802383e-35
8.411714649645102293e-02 6.885945170755262913e-35
8.619527895056564026e-02 6.590233209369145219e-35
8.832475212029794465e-02 6.276471505885315774e-35
9.050683438922707547e-02 5.954765193906050262e-35
9.274282547662524023e-02 5.627955883249732446e-35
9.503405721161281572e-02 5.295702462914008594e-35
9.738189432643898358e-02 4.957747754718659221e-35
9.978773526936102201e-02 4.614150149860730750e-35
1.022530130376054225e-01 4.264861891742579223e-35
1.047791960309077258e-01 3.918343129460596748e-35
1.073677889261393098e-01 3.582392358812098128e-35
1.100203335735418647e-01 3.256204788543271074e-35
1.127384099151037544e-01 2.939236110021453341e-35
1.155236369256246037e-01 2.630890588651868994e-35
1.183776735770298433e-01 2.332871977080512476e-35
1.213022198265081425e-01 2.055459552777575645e-35
1.242990176290613702e-01 1.798402074377264861e-35
1.273698519750697256e-01 1.559895415561177194e-35
1.305165519534901009e-01 1.338301624735781017e-35
1.337409918413211551e-01 1.135143184627017808e-35
1.370450922199836219e-01 9.561952644647732759e-36
1.404308211192811517e-01 7.988614151895891604e-36
1.439001951896232423e-01 6.603683502659004472e-36
1.474552809032072531e-01 5.389019069173586658e-36
1.510981957848773205e-01 4.375073955205328459e-36
1.548311096733907266e-01 3.539692847162811544e-36
1.586562460138445374e-01 2.851731883369305852e-36
1.625758831820320605e-01 2.290918830805341659e-36
1.665923558415175199e-01 1.862254677374615425e-36
1.707080563342378288e-01 1.541021129903307635e-36
1.749254361054592977e-01 1.302787057798650294e-36
1.792470071639383766e-01 1.137083536096729863e-36
1.836753435781558197e-01 1.034303152022570105e-36
1.882130830095156693e-01 9.768925104829172706e-37
1.928629282834224135e-01 9.541467413628297224e-37
1.976276489991717344e-01 9.605231625161534574e-37
2.025100831796141088e-01 9.869239857377735538e-37
2.075131389615738620e-01 1.027632391989123154e-36
2.126397963280293457e-01 1.080054130249348590e-36
2.178931088830890206e-01 1.140978983616964462e-36
2.232762056708168519e-01 1.208550502000015239e-36
2.287922930389930110e-01 1.281891415992709925e-36
2.344446565489189394e-01 1.360237460037276080e-36
2.402366629324048375e-01 1.443758296944843593e-36
2.461717620971047571e-01 1.532672670181961161e-36
2.522534891813937863e-01 1.626941415239484755e-36
2.584854666600119311e-01 1.726741304743999842e-36
2.648714065017278019e-01 1.832206724106890012e-36
2.714151123803080767e-01 1.944013613862447850e-36
2.781204819401097983e-01 2.062706163473070411e-36
2.849915091176440374e-01 2.188337874698966007e-36
2.920322865204948437e-01 2.321132460497195856e-36
2.992470078650086296e-01 2.461305457981368415e-36
3.066399704742098775e-01 2.613720280858660948e-36
3.142155778374255415e-01 2.813189614663142827e-36
3.219783422331469747e-01 3.028837761315298038e-36
3.299328874166900238e-01 3.215272333707854892e-36
3.380839513742541769e-01 3.406662703324538913e-36
3.464363891450217836e-01 3.608864669435689693e-36
3.549951757129770624e-01 3.822850407398974800e-36
3.637654089701689575e-01 4.048684763880694066e-36
3.727523127531816582e-01 4.286389455861839253e-36
3.819612399546215009e-01 4.536219620686412858e-36
3.913976757114746019e-01 4.799602783191302240e-36
4.010672406722327610e-01 5.077566371202148681e-36
4.109756943447354094e-01 5.370269227075815875e-36
4.211289385267181773e-01 5.677622295226924921e-36
4.315330208211186069e-01 5.999967703668631173e-36
4.421941382382236219e-01 6.339524861604095682e-36
4.531186408868110860e-01 6.697945249281050527e-36
4.643130357564815847e-01 7.096159028151765051e-36
4.757839905934331259e-01 9.575979643897153732e-30
4.875383378719881922e-01 2.614867931429111276e-27
4.995830788642379172e-01 7.543666404394679010e-27
5.119253878102276722e-01 8.108595251766747517e-27
5.245726161911681285e-01 8.621046401507729978e-27
5.375322971082172607e-01 9.158968800997146625e-27
5.508121497694401514e-01 9.737199310292345896e-27
5.644200840876211211e-01 1.034679921219795163e-26
5.783642053916662196e-01 1.099662691477505519e-26
5.926528192543980555e-01 1.169031448654517346e-26
6.072944364396297701e-01 1.242001083532481975e-26
6.222977779714503610e-01 1.320419507397137431e-26
6.376717803287514919e-01 1.402933158289816751e-26
6.534256007680853129e-01 1.491055374026416905e-26
6.695686227780247579e-01 1.584917749138651594e-26
6.861104616682746071e-01 1.683856459796694745e-26
7.030609702968639851e-01 1.790153826194430319e-26
7.204302449388285678e-01 1.901782868528889758e-26
7.382286312998814770e-01 2.021216379911784857e-26
7.564667306786523326e-01 2.148143352051910881e-26
7.751554062811659707e-01 2.282205074554033473e-26
7.943057896913219285e-01 2.426191365275169973e-26
8.139292875012283934e-01 2.577094298252832032e-26
8.340375881053403440e-01 2.738832650711500265e-26
8.546426686624455371e-01 2.910320944688673805e-26
8.757568022296545740e-01 3.091802880706263592e-26
8.973925650726305436e-01 3.286644226552523158e-26
9.195628441564233091e-01 3.490415217718511871e-26
9.422808448213654264e-01 3.709187554868743703e-26
9.655600986486031490e-01 3.940589432182719908e-26
9.894144715199467699e-01 4.185933139707335829e-26
1.013858171876841574e+00 4.448894722836958137e-26
1.038905759183378130e+00 4.723939754396976607e-26
1.064572152598383559e+00 5.019364278629226081e-26
1.090872639861758753e+00 5.331048592831520241e-26
1.117822886400352989e+00 5.662087078559349547e-26
1.145438944658804026e+00 6.015972582974528820e-26
1.173737263660897145e+00 6.386673033173714355e-26
1.202734698807134572e+00 6.784659461918637840e-26
1.232448521914369044e+00 7.203400733706432516e-26
1.262896431503455208e+00 7.648843149991763159e-26
1.294096563341065709e+00 8.123627196281615388e-26
1.326067501241945834e+00 8.621737338550401828e-26
1.358828288138037577e+00 9.156090777885308582e-26
1.392398437421071167e+00 9.716615635038267213e-26
1.426797944565376230e+00 1.031368439233912859e-25
1.462047299037837256e+00 1.094802626814727617e-25
1.498167496502088358e+00 1.161436897501201236e-25
1.535180051324213757e+00 1.232843255852350605e-25
1.573107009387404887e+00 1.307492233117882218e-25
1.611970961223206711e+00 1.387091147094703700e-25
1.651795055467175866e+00 1.471352168885151391e-25
1.692603012646955118e+00 1.559941850486863898e-25
1.734419139311002445e+00 1.654739141782308765e-25
1.777268342506355792e+00 1.753452035771715995e-25
1.821176144614084169e+00 1.858780322074190898e-25
1.866168698551247784e+00 1.969813213739659040e-25
1.912272803348428640e+00 2.086597184081168955e-25
1.959515920112105070e+00 2.211194917091254795e-25
2.007926188381381927e+00 2.340602412097332072e-25
2.057532442888815094e+00 2.478571875264501880e-25
2.108364230735320088e+00 2.623306710965713871e-25
2.160451828989385259e+00 2.775512460263716254e-25
2.213826262721080518e+00 2.937165547707076044e-25
2.268519323481600569e+00 3.104803722948768447e-25
2.324563588239349610e+00 3.283125062578563080e-25
2.381992438783835819e+00 3.469118955270522253e-25
2.440840081608966372e+00 3.664557338687807239e-25
2.501141568287539751e+00 3.871021871720663349e-25
2.562932816349107856e+00 4.084635391139808587e-25
2.626250630673625075e+00 4.311197553522401854e-25
2.691132725413632798e+00 4.545918047011459282e-25
2.757617746458039587e+00 4.792213208610219773e-25
2.825745294450869416e+00 5.050799316719920077e-25
2.895555948378695899e+00 5.317514390837808004e-25
2.967091289740808158e+00 5.599410572132668363e-25
3.040393927316505263e+00 5.889187480624618910e-25
3.115507522544274988e+00 6.192705289303527651e-25
3.192476815527967027e+00 6.509064790108834199e-25
3.271347651685457159e+00 6.834358401469654139e-25
3.352167009055673219e+00 7.176763722991607709e-25
3.434983026280232998e+00 7.525673266448384187e-25
3.519845031276408243e+00 7.890462770286347362e-25
3.606803570618422050e+00 8.267628698423983767e-25
3.695910439644642498e+00 8.654371241837924894e-25
3.787218713308569296e+00 9.058981249150863589e-25
3.880782777792007199e+00 9.468933697334716943e-25
3.976658362899247123e+00 9.896219783939703720e-25
4.074902575251551973e+00 1.033433358871846177e-24
4.175573932301719360e+00 1.078258899732566602e-24
4.278732397188986347e+00 1.124862645789345828e-24
4.384439414455022721e+00 1.171871765857261515e-24
4.492757946642306877e+00 1.220741410748465088e-24
4.603752511796661118e+00 1.270441065700384272e-24
4.717489221896312479e+00 1.321244428791386440e-24
4.834035822230315915e+00 1.373767487732464127e-24
4.953461731749884578e+00 1.426568329586054290e-24
5.075838084416561813e+00 1.481390953341607971e-24
5.201237771571928015e+00 1.536578223025838341e-24
5.329735485354056834e+00 1.342277587694388683e-24
5.461407763186590714e+00 9.506285261087365582e-26
5.596333033366915011e+00 2.707702280087521641e-30
5.734591661780614302e+00 1.163101486349972918e-33
5.876265999770005521e+00 1.226133738602089583e-33
6.021440433185285102e+00 1.284629479361249499e-33
6.170201432647485440e+00 1.348699854128521433e-33
6.322637605053194498e+00 1.418404810263506027e-33
6.478839746351710005e+00 1.480077550783616754e-33
6.638900895626071552e+00 1.557418238618492399e-33
6.802916390510140410e+00 1.628074772697417654e-33
6.970983923974841012e+00 1.704111693216153728e-33
7.143203602517249173e+00 1.787289134371139476e-33
7.319678005787286779e+00 1.859174517360150057e-33
7.500512247687508349e+00 1.950138978302849018e-33
7.685814038982356600e+00 2.032748793998644007e-33
7.875693751454211800e+00 2.109993617117724415e-33
8.070264483644411513e+00 2.194488158779487200e-33
8.269642128218428923e+00 2.275710654539217053e-33
8.473945440995322542e+00 2.379678861264162115e-33
8.683296111682563989e+00 2.473465561026272752e-33
8.897818836358396766e+00 2.571496072543313850e-33
9.117641391744877311e+00 2.680358709515702705e-33
9.342894711315864242e+00 2.771230018309617466e-33
9.573712963285224475e+00 2.888967554312160655e-33
9.810233630521841164e+00 1.444935435414239394e-33
1.005259759243885931e+01 2.901808099903725155e-34
1.030094920890605792e+01 3.014883696773222849e-34
1.055543640623528745e+01 3.133771306347981911e-34
1.081621076529020442e+01 3.290643980442741409e-34
1.108342761177276792e+01 3.474864860544271975e-34
1.135724610874028961e+01 3.639094717818950902e-34
1.163782935140813279e+01 3.766707672193270482e-34
1.192534446429453254e+01 3.903060294536364217e-34
1.221996270076540725e+01 4.075872565052958695e-34
1.252185954503843668e+01 4.135814101927804269e-34
1.283121481670718289e+01 4.319657798411449969e-34
1.314821277784750464e+01 4.453037015552343549e-34
1.347304224276998674e+01 4.599698004608124676e-34
1.380589669048403145e+01 4.812031349539686512e-34
1.414697437994011686e+01 4.695135716511530421e-34
1.449647846811935636e+01 1.598619884989264223e-34
1.485461713104040093e+01 1.609307777047368685e-34
1.522160368775585582e+01 1.631736400372568639e-34
1.559765672741208675e+01 1.740114739165645828e-34
1.598300023944791093e+01 1.892408097935576680e-34
1.637786374701018488e+01 1.993002262518590313e-34
1.678248244366515607e+01 1.888104034441469541e-34
1.719709733348742020e+01 1.888616055852492007e-34
1.762195537460982209e+01 2.013905911162701306e-34
1.805730962631974279e+01 2.191024308572982743e-34
1.850341939978946826e+01 2.294197425272485943e-34
1.896055041253035967e+01 1.065535333781994636e-34
1.942897494666286562e+01 1.045780157082832210e-34
1.990897201109661196e+01 1.124254170522381838e-34
2.040082750771721010e+01 1.265464291420383634e-34
2.090483440167871620e+01 1.351762308944543519e-34
2.142129289590323538e+01 1.228890925985734224e-34
2.195051060989154479e+01 1.189623854960105876e-34
2.249280276295129610e+01 1.273551856022583589e-34
2.304849236195190088e+01 1.157370854093491331e-34
2.361791039371794554e+01 8.274612561362923267e-35
2.420139602217571806e+01 8.322380916508188621e-35
2.479929679037029544e+01 9.403678506478359509e-35
2.541196882747349761e+01 9.735489063241743402e-35
2.603977706090602240e+01 8.991611988674544872e-35
2.668309543370010317e+01 8.750788863844615679e-35
2.734230712723216428e+01 9.838816003603724631e-35
2.801780478945811481e+01 7.527138771058343247e-35
2.870999076878728218e+01 7.005829259191158644e-35
2.941927735373420916e+01 6.898803601037332524e-35
3.014608701849113004e+01 6.761494654629444618e-35
3.089085267456736261e+01 7.589087826903477455e-35
3.165401792864556185e+01 7.248766501577124652e-35
3.243603734680806383e+01 5.798619555278075865e-35
3.323737672529161102e+01 5.971400657954042483e-35
3.405851336793053719e+01 6.771441914922819069e-35
3.489993637045451180e+01 5.960641593762211427e-35
3.576214691180991423e+01 6.319012663872391685e-35
3.664565855267832006e+01 5.445578394520706090e-35
3.755099754136995927e+01 4.950349983181216919e-35
3.847870312727440023e+01 6.534036003770417120e-35
3.942932788205497729e+01 5.381280982310468955e-35
4.040343802877853108e+01 4.814765664792049590e-35
4.140161377917629437e+01 4.671212165320616966e-35
4.242444967923687926e+01 4.897303154791281826e-35
4.347255496333724523e+01 4.818953221987017566e-35
4.454655391712253731e+01 5.839631549002973212e-35
4.564708624935095571e+01 4.097091862966820934e-35
4.677480747292512575e+01 3.814756417286737467e-35
4.793038929533692283e+01 4.803121133033755550e-35
4.911452001875834128e+01 5.077696736257325063e-35
5.032790495001668063e+01 3.380951364598570782e-35
5.157126682069827694e+01 3.700784542505003153e-35
5.284534621763097562e+01 3.791781712012073975e-35
5.415090202400174491e+01 3.769914664395921268e-35
5.548871187137224581e+01 4.091728540936813832e-35
5.685957260286150472e+01 3.620936918624615972e-35
5.826430074777162815e+01 4.128612832365020383e-35
5.970373300793927029e+01 3.384762346356574171e-35
6.117872675610246347e+01 2.803286617950548498e-35
6.269016054657991077e+01 3.562299494570937753e-35
6.423893463856602182e+01 3.616445303538093156e-35
6.582597153235538201e+01 3.587593948014243231e-35
6.745221651881345792e+01 3.408369850892027474e-35
6.911863824242276166e+01 3.454927602630323700e-35
7.082622927823906878e+01 3.280560374470050349e-35
7.257600672310141476e+01 3.388387876756326677e-35
7.436901280144813597e+01 2.704956767532646056e-35
7.620631548609965478e+01 2.857324032903548064e-35
7.808900913437793179e+01 3.103793801745154758e-35
8.001821513994126178e+01 3.118681237533753205e-35
8.199508260072292387e+01 2.543089374264635889e-35
8.402078900337127720e+01 3.380942266336699410e-35
8.609654092459925323e+01 2.740751625693434890e-35
8.822357474986061732e+01 2.971111316343261925e-35
9.040315740978154224e+01 2.637373107188048782e-35
9.263658713478565687e+01 2.797117715515760438e-35
9.492519422836244303e+01 2.788215849260383317e-35
9.727034185943925593e+01 2.805139221655995930e-35
9.967342687432922332e+01 2.784123723227349752e-35
1.021358806287382919e+02 2.617209679903583084e-35
1.046591698403274222e+02 2.222819084861075989e-35
1.072447974623373455e+02 2.670213090375361830e-35
1.098943035787964391e+02 2.398270000095588376e-35
1.126092663218449843e+02 2.186739224411420895e-35
1.153913028117220705e+02 2.318444468068222897e-35
1.182420701199750255e+02 2.595207811686647147e-35
1.211632662564652634e+02 2.650407238213074191e-35
1.241566311807582537e+02 2.240186429811815033e-35
1.272239478385003366e+02 2.180842382874616897e-35
1.303670432233982126e+02 2.384369387283632683e-35
1.335877894654374245e+02 2.600082322218178849e-35
1.368881049459830024e+02 2.218208353104345316e-35
1.402699554404300102e+02 2.156286392600312410e-35
1.437353552890835715e+02 2.030776978669629468e-35
1.472863685969653602e+02 2.089347585512707443e-35
1.509251104632619729e+02 2.150974237127287632e-35
1.546537482411467863e+02 2.020388675294452202e-35
1.584745028287261448e+02 1.800177286996518990e-35
1.623896499918785423e+02 1.940279733678201778e-35
1.664015217197749905e+02 1.950821119764038454e-35
1.705125076138877205e+02 1.739458117020805870e-35
1.747250563113145461e+02 1.918835640668095508e-35
1.790416769432669923e+02 1.763957195535245027e-35
1.834649406295905294e+02 1.673058332954651154e-35
1.879974820102072499e+02 1.687743051730267158e-35
1.926420008143933273e+02 1.543187731348479851e-35
1.974012634688255901e+02 1.555047190123842716e-35
2.022781047453553924e+02 1.318667215969761794e-35
2.072754294494911278e+02 1.335894312942484303e-35
2.123962141505949148e+02 1.240133498102686538e-35
2.176435089548243127e+02 1.135543184795903704e-35
2.230204393218748748e+02 1.004070603609154715e-35
2.285302079266056694e+02 8.384104843326529248e-36
2.341760965666569518e+02 7.339650497181401098e-36
2.399614681171954658e+02 5.700357900100112478e-36
2.458897685339526618e+02 4.050307989258349966e-36
2.519645289057484376e+02 2.184965944849720531e-36
2.581893675577209137e+02 0.000000000000000000e+00
