# label=highfre transition radiation
# source_module=highfre322v
# source_component=axion_transition
# source_transition_family=fine
# source_frequency_frame=observer
# source_redshift=0.0000000000000000e+00
# source_luminosity_distance_m=3.0856775814913671e+19
# rate_model=remnant_cloud_effective
# r0_gpc3_yr=1.0000000000000000e+00
# r_eff0_gpc3_yr=1.0000000000000000e+00
# rate_evolution=constant
# z_model=1.0000000000000000e+01
# f_ret=1.0000000000000000e+00
# f_2g=1.0000000000000000e+00
# f_cloud=1.0000000000000000e+00
# f_duty=1.0000000000000000e+00
# remnant_spin=6.9999999999999996e-01
# spin_model=GerosaBerti2017
# kerr_m_omega_h=2.0418368367551071e-01
# cloud_azimuthal_m=2
# superradiant_spin_threshold=5.5045871559633019e-01
# p_superradiant=1.0000000000000000e+00
# nu_cut_hz=1.6939671706225019e+02
# characteristic_mass_msun=5.0500000000000000e-01
# hubble_h0_si=2.1953038906696129e-18
# rho_c_energy_density_si=7.7465150935130668e-10
# omega_gw_formula=f_over_rho_c_H0_integral_R_eff_dE_dnu_over_1plusz_Ez
# single_event_spectrum_frame=local_source_z0
# energy_spectrum_prefactor=two_pi_squared_c_cubed_over_G
# source_angle_average_factor=8.0000000000000004e-01
# single_event_fourier_convention=h_tilde_integral_h_exp_minus_2pi_i_f_t_dt
# columns=frequency_hz omega_gw
4.820541398332702236e-04 0.000000000000000000e+00
4.945493813545470598e-04 2.118475859596881635e-46
5.073685098581638383e-04 4.331132230303243334e-46
5.205199207622601600e-04 7.282769585185375385e-46
5.340122271011495678e-04 1.016189226492666118e-45
5.478542651661098438e-04 1.390793023019308846e-45
5.620551002923882163e-04 1.760094557613111452e-45
5.766240327962101654e-04 2.231044360102455329e-45
5.915706040656806440e-04 2.699362545713384610e-45
6.069046028095664933e-04 3.286808023608173835e-45
6.226360714680516167e-04 3.875182862408819367e-45
6.387753127896658679e-04 4.530437840760951363e-45
6.553328965786913958e-04 5.336608235682717686e-45
6.723196666174693394e-04 6.150956528736569058e-45
6.897467477681361271e-04 7.141971035591924136e-45
7.076255532584467892e-04 8.147897898841003280e-45
7.259677921564462299e-04 9.360545025090771866e-45
7.447854770388961021e-04 1.059662737042449196e-44
7.640909318584712846e-04 1.207449330305274648e-44
7.838968000148806943e-04 1.358648380356124098e-44
8.042160526351979167e-04 1.538115008912910130e-44
8.250619970688259208e-04 1.722324695534880405e-44
8.464482856026568375e-04 1.924919291337842657e-44
8.683889244021369708e-04 2.163202477802614769e-44
8.908982826840916233e-04 2.408791372710465033e-44
9.139911021273158928e-04 2.696062952023680829e-44
9.376825065270972962e-04 2.992875643892478478e-44
9.619880116999909034e-04 3.338352243507292328e-44
9.869235356453340876e-04 3.695578380560679001e-44
1.012505408970156267e-03 4.108186053336767327e-44
1.038750385584312269e-03 4.534705380750616297e-44
1.065675653672840117e-03 5.025451583037823274e-44
1.093298846952732483e-03 5.533448609357573104e-44
1.121638056221493929e-03 6.086462706531055124e-44
1.150711841205044866e-03 6.719586141022412519e-44
1.180539242712732922e-03 7.376137657377857236e-44
1.211139795107413902e-03 8.125458292297280702e-44
1.242533539098764203e-03 8.903387622278452688e-44
1.274741034868214244e-03 9.788681419530980438e-44
1.307783375534077655e-03 1.070873231805504013e-43
1.341682200965720918e-03 1.175296739034817732e-43
1.376459711955800753e-03 1.283923502954938005e-43
1.412138684759858907e-03 1.406906309593994519e-43
1.448742486012796022e-03 1.534948754256605352e-43
1.486295088031992610e-03 1.673411941399127856e-43
1.524821084517098170e-03 1.829096218017720431e-43
1.564345706656773867e-03 1.990716172865812386e-43
1.604894839652934143e-03 2.172077526353227395e-43
1.646495039673309983e-03 2.360417667163729169e-43
1.689173551243437809e-03 2.571368436361037215e-43
1.732958325089462449e-03 2.790504724074307679e-43
1.777878036443439509e-03 3.035515448909003873e-43
1.823962103823127982e-03 3.290104758285184903e-43
1.871240708298569245e-03 3.574274210466033958e-43
1.919744813258071918e-03 3.869634377395687028e-43
1.969506184686548381e-03 4.186834606392701965e-43
2.020557411969481180e-03 4.538791787068974679e-43
2.072931929236145575e-03 4.903251928410203120e-43
2.126664037256067920e-03 5.307084743276827330e-43
2.181788925903055225e-03 5.725248840536737199e-43
2.238342697201513472e-03 6.187980954207656601e-43
2.296362388970144865e-03 6.667116299830528297e-43
2.355885999078508562e-03 7.196638166732428857e-43
2.416952510332331938e-03 7.744887242876367223e-43
2.479601916003870091e-03 8.348754768184498308e-43
2.543875246024032005e-03 8.971719542233844109e-43
2.609814593853431071e-03 9.634446409607080377e-43
2.677463144049951806e-03 1.036240013778883882e-42
2.746865200550890809e-03 1.111322650096518614e-42
2.818066215688205291e-03 1.193716340208142867e-42
2.891112819955837538e-03 1.278690412571058961e-42
2.966052852548655208e-03 1.371708662910380988e-42
3.042935392692976311e-03 1.467346623924900157e-42
3.121810791789208454e-03 1.571813356554987556e-42
3.202730706387652351e-03 1.679228616841513498e-42
3.285748132019065612e-03 1.796483297054960742e-42
3.370917437902140514e-03 1.917054595305322364e-42
3.458294402550632796e-03 2.044527941727346303e-42
3.547936250303451375e-03 2.183228113451457655e-42
3.639901688801642100e-03 2.325572835784595376e-42
3.734250947436804514e-03 2.480388849343946047e-42
3.831045816796122428e-03 2.639326546097414047e-42
3.930349689129843116e-03 2.812006847628659478e-42
4.032227599867709532e-03 2.989077853971325047e-42
4.136746270211526071e-03 3.181177499099198502e-42
4.243974150831764797e-03 3.378264053824239361e-42
4.353981466696825973e-03 3.586062340444912141e-42
4.466840263064293139e-03 3.811181586412080255e-42
4.582624452664359541e-03 4.042105144078189406e-42
4.701409864106225953e-03 4.292064828033997938e-42
4.823274291539292498e-03 4.548617163054024206e-42
4.948297545601572540e-03 4.826024824141293137e-42
5.076561505688748956e-03 5.110748084124102224e-42
5.208150173578080661e-03 5.418301739383418635e-42
5.343149728442284953e-03 5.721842409332231989e-42
5.481648583289424996e-03 6.010196269562481564e-42
5.623737442865772013e-03 6.310774781111112386e-42
5.769509363059549360e-03 6.623995584426908182e-42
5.919059811844475279e-03 6.950198035421505577e-42
6.072486731803011621e-03 7.289757389855393039e-42
6.229890604270264982e-03 7.643002595082744492e-42
6.391374515140555226e-03 8.010283387202434995e-42
6.557044222379740210e-03 8.391871003860070608e-42
6.727008225287516539e-03 8.788068792362794937e-42
6.901377835555060243e-03 9.199106386175055121e-42
7.080267250164534384e-03 9.625198413644075330e-42
7.263793626178216209e-03 1.006653744182080802e-41
7.452077157466216809e-03 1.052322801117845482e-41
7.645241153423054312e-03 1.099539875582062186e-41
7.843412119724613163e-03 1.148303496735903122e-41
8.046719841178403762e-03 1.198615938291629405e-41
8.255297466721357724e-03 1.250463756651661297e-41
8.469281596620845121e-03 1.303835693972184158e-41
8.688812371936010387e-03 1.358702668921532114e-41
8.914033566298015451e-03 1.415035381583828390e-41
9.145092680069317331e-03 1.472788407831515679e-41
9.382141036943609722e-03 1.531907168356648240e-41
9.625333883049733835e-03 1.592329856110744695e-41
9.874830488624440628e-03 1.653971209780757385e-41
1.013079425232057788e-02 1.716746121208124357e-41
1.039339280821907456e-02 1.780536208726542824e-41
1.066279813561470113e-02 1.845231224159889163e-41
1.093918667164761604e-02 1.910865899681058732e-41
1.122273942685441880e-02 1.977411322778908741e-41
1.151364210371433328e-02 2.044730376804710573e-41
1.181208521826825411e-02 2.112676939257770317e-41
1.211826422489023850e-02 2.181084265742538371e-41
1.243237964429317992e-02 2.249757836428961609e-41
1.275463719485249968e-02 2.318500568778745599e-41
1.308524792733384637e-02 2.387064582360569952e-41
1.342442836311306086e-02 2.455209197367799206e-41
1.377240063597891424e-02 2.522632292680546433e-41
1.412939263761147854e-02 2.589038235789107713e-41
1.449563816683143401e-02 2.654067608306560466e-41
1.487137708271802673e-02 2.717360138202494994e-41
1.525685546169597805e-02 2.778494408738980628e-41
1.565232575869423409e-02 2.837028540245247632e-41
1.605804697248203183e-02 2.892553700930177122e-41
1.647428481529066360e-02 2.945408153981988907e-41
1.690131188683196076e-02 2.995424373982603138e-41
1.733940785282747296e-02 3.042169711454349129e-41
1.778885962816528429e-02 3.085213941304867495e-41
1.824996156480438239e-02 3.124051463711772993e-41
1.872301564454970438e-02 3.158196948219469378e-41
1.920833167682402254e-02 3.187068694915942101e-41
1.970622750156628827e-02 3.210116978447921987e-41
2.021702919738921703e-02 3.226688411418518336e-41
2.074107129513255016e-02 3.236145017607326604e-41
2.127869699695171882e-02 3.237798699986613476e-41
2.183025840108557963e-02 3.232577387599860735e-41
2.239611673245017059e-02 3.221044710778089049e-41
2.297664257920975853e-02 3.202673318696906134e-41
2.357221613547997099e-02 3.177043261284439782e-41
2.418322745032198268e-02 3.143552648965502845e-41
2.481007668319084453e-02 3.101762105871999900e-41
2.545317436600525243e-02 3.051012875901517758e-41
2.611294167201036465e-02 2.990817182440033932e-41
2.678981069160977710e-02 2.920893250844055464e-41
2.748422471534729336e-02 2.844177872947120926e-41
2.819663852422380282e-02 2.761178607866289831e-41
2.892751868753943439e-02 2.671648273759685784e-41
2.967734386845596872e-02 2.575320776797400273e-41
3.044660513747981731e-02 2.471897692600643362e-41
3.123580629407052972e-02 2.361145239303889051e-41
3.204546419658584749e-02 2.242984455936414014e-41
3.287610910077910092e-02 2.121492408759281977e-41
3.372828500707079902e-02 1.998138983631821939e-41
3.460255001682173426e-02 1.872834747612959698e-41
3.549947669784098842e-02 1.745470231978624740e-41
3.641965245936828327e-02 1.615962638200215427e-41
3.736367993677604249e-02 1.484459876427432273e-41
3.833217738624340037e-02 1.355375160756202735e-41
3.932577908966036762e-02 1.230353931713131204e-41
4.034513577002749735e-02 1.109068130828702315e-41
4.139091501762313247e-02 9.912850308854451516e-42
4.246380172721705287e-02 8.767708346109926453e-42
4.356449854661727239e-02 7.684403184125937240e-42
4.469372633684343121e-02 6.684325325801334328e-42
4.585222464422829269e-02 5.759354568355890503e-42
4.704075218475649994e-02 4.902688823679606738e-42
4.826008734095775521e-02 4.112327095244689422e-42
4.951102867167996718e-02 3.414081508109073901e-42
5.079439543507604377e-02 2.802698567657017332e-42
5.211102812514699367e-02 2.266273707907108112e-42
5.346178902219265311e-02 1.796349269382325901e-42
5.484756275753054078e-02 1.403790836651239346e-42
5.626925689285270510e-02 1.080860448286549406e-42
5.772780251459998235e-02 8.147479648179872354e-43
5.922415484374289607e-02 5.979115692581708010e-43
6.075929386136863508e-02 4.313889355013231591e-43
6.233422495048369233e-02 3.042051648784334566e-43
6.394997955445262672e-02 2.070814408683921211e-43
6.560761585250401984e-02 1.371984135924870648e-43
6.730821945274637064e-02 8.860784088032111764e-44
6.905290410314696148e-02 5.473173689284111590e-44
7.084281242094052355e-02 3.257247666919113485e-44
7.267911664094438284e-02 1.888758314181939154e-44
7.456301938327068723e-02 1.044912152691234133e-44
7.649575444093839605e-02 5.736979740758705963e-45
7.847858758790070277e-02 3.286475181000388268e-45
8.051281740801731479e-02 2.053905724899619024e-45
8.259977614551429481e-02 1.565153199652045541e-45
8.474083057748864334e-02 1.411481371140597348e-45
8.693738290902872090e-02 1.413966863974905888e-45
8.919087169153719352e-02 1.483067319620804551e-45
9.150277276485735412e-02 1.575065271234303985e-45
9.387460022382049241e-02 1.677637303496872872e-45
9.630790740984662701e-02 1.788330218275759090e-45
9.880428792824860751e-02 1.906804230790382449e-45
1.013653766919054428e-01 2.032959991161817395e-45
1.039928509919885030e-01 2.168288494796734282e-45
1.066884315964419377e-01 2.311424244701772147e-45
1.094538838769365113e-01 2.465205832065141624e-45
1.122910189650350027e-01 2.627635434254038966e-45
1.152016949383264793e-01 2.801083245706633279e-45
1.181878180373060194e-01 2.985330472433850373e-45
1.212513439137970772e-01 3.181616613353372843e-45
1.243942789117338521e-01 3.391419374441147005e-45
1.276186813811426290e-01 3.613761047858527787e-45
1.309266630261831654e-01 3.852497550122385800e-45
1.343203902881310030e-01 4.103460544751120861e-45
1.378020857642093810e-01 4.373465585877375583e-45
1.413740296631977034e-01 4.656101107028988911e-45
1.450385612987704076e-01 4.961574899024800454e-45
1.487980806215449536e-01 5.283773673870236033e-45
1.526550497908413795e-01 5.627218909296166383e-45
1.566119947871831841e-01 5.992137688630860873e-45
1.606715070665956924e-01 6.376560499634225375e-45
1.648362452577852577e-01 6.789192771726515359e-45
1.691089369033104417e-01 7.222542716926185159e-45
1.734923802458862019e-01 7.690991576783047382e-45
1.779894460609901530e-01 8.174398260586219802e-45
1.826030795369718851e-01 8.700150714321243345e-45
1.873363022038958825e-01 9.243403020395268273e-45
1.921922139123820039e-01 9.831369025216758778e-45
1.971739948637389050e-01 1.044900801386282353e-44
2.022849076927202006e-01 1.109849737778030919e-44
2.075282996042676631e-01 1.178812486464666605e-44
2.129076045656400629e-01 1.252186086028596620e-44
2.184263455553644151e-01 1.328973316821914283e-44
2.240881368704812915e-01 1.410184139713228434e-44
2.298966864935963750e-01 1.496319635895336961e-44
2.358557985212875185e-01 1.586616192831115918e-44
2.419693756554583963e-01 1.682744057071086714e-44
2.482414217592697481e-01 1.781603746434913551e-44
2.546760444793236822e-01 1.888128497334101999e-44
2.612774579358148053e-01 1.999118276672105354e-44
2.680499854824144879e-01 2.115055384751089771e-44
2.749980625376929333e-01 2.236978427830970153e-44
2.821262394899334836e-01 2.367196892016807479e-44
2.894391846772429444e-01 2.501218675732699428e-44
2.969416874449081756e-01 2.643467636834596710e-44
3.046386612820023432e-01 2.792793516806800821e-44
3.125351470392943587e-01 2.946095245649264360e-44
3.206363162305691517e-01 3.110414673645399640e-44
3.289474744195210465e-01 3.275603318553784015e-44
3.374740646944382472e-01 3.453569309179523746e-44
3.462216712329538315e-01 3.638135376740620571e-44
3.551960229591979989e-01 3.834128391673045754e-44
3.644029972957470997e-01 4.035826085440392928e-44
3.738486240128258697e-01 4.248548135156142552e-44
3.835390891772842981e-01 4.468927265525522710e-44
3.934807392039353924e-01 4.705168056802413490e-44
4.036800850119067752e-01 4.951964041239545803e-44
4.141438062887283778e-01 5.171513158514299250e-44
4.248787558649489982e-01 5.511064428770312880e-44
4.358919642021460983e-01 5.639815202884129804e-44
4.471906439972690994e-01 5.870303431676852189e-44
4.587821949063305982e-01 5.744440434215446945e-44
4.706742083905393059e-01 5.279822646066480257e-44
4.828744726880510041e-01 4.106797497798976613e-44
4.953909779145869163e-01 2.986389001637273260e-44
5.082319212962685961e-01 2.535990179276957366e-44
5.214057125380903157e-01 2.292179927675443154e-44
5.349209793315469197e-01 2.533720661204543483e-44
5.487865730050238700e-01 2.601087777833045790e-44
5.630115743206506318e-01 3.022086326195991306e-44
5.776052994214122549e-01 3.767826442547317519e-44
5.925773059324158654e-01 4.412253693743231584e-44
6.079373992203068733e-01 4.550621036557765760e-44
6.236956388149341723e-01 5.222853068694712566e-44
6.398623449974703004e-01 5.381095258596484294e-44
6.564481055593011094e-01 6.239391419964276293e-44
6.734637827361118489e-01 9.360599865282778644e-43
6.909205203217095859e-01 1.042700863331077688e-42
7.088297509662425666e-01 1.078470873506861851e-42
7.272032036635954766e-01 1.174062327392239833e-42
7.460529114328632305e-01 1.243089895256809479e-42
7.653912191989362679e-01 1.321934607562611109e-42
7.852307918773558937e-01 1.436428116625163297e-42
8.055846226687367606e-01 1.491318666251547659e-42
8.264660415681867045e-01 1.651339076998465908e-42
8.478887240952984738e-01 1.692021414779534056e-42
8.698667002504300028e-01 1.898329936065765920e-42
8.924143637031379805e-01 1.951500708962051929e-42
9.155464812187840140e-01 2.176921093775793406e-42
9.392782023294887761e-01 2.265879749253986862e-42
9.636250692557577491e-01 2.466400783041164500e-42
9.886030270852919077e-01 2.628343061238403251e-42
1.014228434215637575e+00 2.794602455490822946e-42
1.040518073067518534e+00 3.056067150536540670e-42
1.067489161075867887e+00 3.208637789066263953e-42
1.095159361965754474e+00 3.606054828581423966e-42
1.123546797320593704e+00 3.797958488066494036e-42
1.152670058450212087e+00 4.366070204892568089e-42
1.182548218566545239e+00 4.668845893812375355e-42
1.213200845274938100e+00 5.535682695532899147e-42
1.244648013389230590e+00 6.197784012939336588e-42
1.276910318079021112e+00 1.859103822747395164e-34
1.310008888357717005e+00 5.042992102977216021e-30
1.343965400920207554e+00 6.709187950357216954e-30
1.378802094339220519e+00 7.458995468259467640e-30
1.414541783629659655e+00 5.820172192454724202e-30
1.451207875190461571e+00 1.022548989954743634e-29
1.488824382133759672e+00 5.093900357212990827e-30
1.527415940011390250e+00 1.270348501201610157e-29
1.567007822949044282e+00 5.295218955060332903e-30
1.607625960198629578e+00 1.421430978771926825e-29
1.649296953119682385e+00 7.047081913479905554e-30
1.692048092600953790e+00 1.433838096525713231e-29
1.735907376933575330e+00 1.053061897325143300e-29
1.780903530147512015e+00 1.316596498915055378e-29
1.827066020823319370e+00 1.546242324356703288e-29
1.874425081391499104e+00 1.128032412322053047e-29
1.923011727932127490e+00 2.097536149139478468e-29
1.972857780487698554e+00 1.000962478960427877e-29
2.023995883902494075e+00 2.574700679540677102e-29
2.076459529202125953e+00 1.078732578572501119e-29
2.130283075527257264e+00 2.845825944280955162e-29
2.185501772635860096e+00 1.464974252002009859e-29
2.242151783988752811e+00 2.837291969807943959e-29
2.300270210433532192e+00 2.194932060731641823e-29
2.359895114502412294e+00 2.557621070347188856e-29
2.421065545339885716e+00 3.201080156523614987e-29
2.483821564276528449e+00 2.183006885663143548e-29
2.548204271065698023e+00 4.293972425396576600e-29
2.614255830800311653e+00 1.974392876850604176e-29
2.682019501527326710e+00 5.205771674398736704e-29
2.751539662578011747e+00 2.193999053769416142e-29
2.822861843632563872e+00 5.681808977167336705e-29
2.896032754538101273e+00 3.038680760406739331e-29
2.971100315899565913e+00 5.550910047045737457e-29
3.048113690463567060e+00 4.564668881241228940e-29
3.127123315315717633e+00 4.938515906392582836e-29
3.208180934912554960e+00 6.601402952650683114e-29
3.291339634969675298e+00 4.219042344159628719e-29
3.376653877228272815e+00 8.749058082594430005e-29
3.464179535122874132e+00 3.887051981737785459e-29
3.553973930373574230e+00 1.046741193843017510e-28
3.646095870526808280e+00 4.448719993107324894e-29
3.740605687469196194e+00 1.118912146620257049e-28
3.837565276939697068e+00 6.278833682120531690e-29
3.937038139065955900e+00 1.073779886791063929e-28
4.039089419951381821e+00 9.424405482266895427e-29
4.143785954340200917e+00 9.465076670727362717e-29
4.251196309388419969e+00 1.349122309116781627e-28
4.361390829569372407e+00 8.091457069282379845e-29
4.474441682743250936e+00 1.763762595631840004e-28
4.590422907420800058e+00 7.591389570230343117e-29
4.709410461252125479e+00 2.065650139341394229e-28
4.831482270772371912e+00 8.950679850001977595e-29
4.956718282436846756e+00 2.161455413667525898e-28
5.085200514979022479e+00 1.280373715373446422e-28
5.217013113125697821e+00 2.044167755251803549e-28
5.352242402704500357e+00 1.913421016814048957e-28
5.490976947179822432e+00 1.782136977909846297e-28
5.633307605654213290e+00 2.703373325920057784e-28
5.779327592373217470e+00 1.522016309167190993e-28
5.929132537772627387e+00 3.456776640795057719e-28
6.082820551108130580e+00 1.455322605824880343e-28
6.240492284708365922e+00 3.947849538921321282e-28
6.402250999893481342e+00 1.758345278217593682e-28
6.568202634602342549e+00 4.054292614377207617e-28
6.738455872772705746e+00 2.534777153210200926e-28
6.913122215519774016e+00 3.765308576672323815e-28
7.092316054159767624e+00 3.753990472442634640e-28
7.276154745126318879e+00 3.234711976929840485e-28
7.464758686828766976e+00 5.185739801664524917e-28
7.658251398502679663e+00 2.755669510916522512e-28
7.856759601104246649e+00 6.437800478695306336e-28
8.060413300301526363e+00 2.674021304380436804e-28
8.269345871616886612e+00 7.185628607425016290e-28
8.483694147776416727e+00 3.290816719959522695e-28
8.703598508323500127e+00 7.207460064703019656e-28
8.929202971555229240e+00 4.756718080982114063e-28
9.160655288841986987e+00 6.541279424497808468e-28
9.398107041391675409e+00 6.911235347637340356e-28
9.641713739522343118e+00 5.517572647331708609e-28
9.891634924507942017e+00 9.238813168605175502e-28
1.014803427306404693e+01 4.667967407382070949e-28
1.041107970454190479e+01 1.117182561641937876e-27
1.068094349090106476e+01 4.573939604381226732e-28
1.095780236953257969e+01 1.213414494857202493e-27
1.124183765900667531e+01 5.734181061540419419e-28
1.153323537782070396e+01 1.184235324253596511e-27
1.183218636622513564e+01 8.237339330623853583e-28
1.213888641120738221e+01 1.047523105894755939e-27
1.245353637471530384e+01 1.160767327121592719e-27
1.277634232520438218e+01 8.651757593023369120e-28
1.310751567259469219e+01 1.511713430498212622e-27
1.344727330672607835e+01 7.230860792483055657e-28
1.379583773940220404e+01 1.778327455628830610e-27
1.415343725011649489e+01 2.030055684416209412e-28
1.452030603555542854e+01 2.759484061265004071e-39
1.489668436297705867e+01 6.325614934833392243e-40
1.528281872756524962e+01 1.996929863333521467e-39
1.567896201386265354e+01 1.847159247851910478e-39
1.608537366138817859e+01 1.100271206246860054e-39
1.650231983454737517e+01 1.122198310680486539e-39
1.693007359694706437e+01 1.737355383810351468e-39
1.736891509022832381e+01 2.599712798017138864e-39
1.781913171753499370e+01 6.365804182678826807e-40
1.828101833173781898e+01 2.001175074366422821e-39
1.875487742853752593e+01 8.502312668704048685e-40
1.924101934457329222e+01 2.745419597631518561e-39
1.973976246066634843e+01 2.988095082118835896e-39
2.025143341033181699e+01 3.010292736316697574e-39
2.077636729369536184e+01 2.984301651772098110e-39
2.131490789695471832e+01 2.971763777644052136e-40
2.186740791752987079e+01 1.287614391470730019e-40
2.243422919504928714e+01 3.510603058262918208e-40
2.301574294832350631e+01 4.544773724491869365e-40
2.361233001846130364e+01 5.305027561417542195e-40
2.422438111828759233e+01 3.093872860926130304e-40
2.485229708822647510e+01 2.367199361034534608e-40
2.549648915881697420e+01 5.199285656304573310e-40
2.615737922003338412e+01 2.291082450406098968e-40
2.683540009758666400e+01 1.597560756207319413e-40
2.753099583638773851e+01 2.604158411716831650e-40
2.824462199135845353e+01 1.833411171200398530e-40
2.897674592578054487e+01 1.800840916962996742e-40
2.972784711737809715e+01 1.557078994189948318e-40
3.049841747233389100e+01 1.843314236871610073e-40
3.128896164744531916e+01 1.654646463416156419e-40
3.209999738063085317e+01 2.591224414420153565e-40
3.293205583000349890e+01 1.887730054034095234e-40
3.378568192173327134e+01 1.435763887926890954e-40
3.466143470692687600e+01 1.601109622029812819e-40
3.555988772775731377e+01 1.878237541526309704e-40
3.648162939308456743e+01 2.044660475412300401e-40
3.742726336381235797e+01 1.870255541413835657e-40
3.839740894823368933e+01 2.175526483276969019e-40
3.939270150762413891e+01 1.772215918526670015e-40
4.041379287234838813e+01 1.992801221854119148e-40
4.146135176875265671e+01 1.786685627438540994e-40
4.253606425712246875e+01 1.534593751231788573e-40
4.363863418099269609e+01 1.623692563845799316e-40
4.476978362810406509e+01 1.704179539204970288e-40
4.593025340330805051e+01 2.051848139411583985e-40
4.712080351372983955e+01 2.096972214217039091e-40
4.834221366650714202e+01 1.875874432923254203e-40
4.959528377943076549e+01 1.916494873804538326e-40
5.088083450482146475e+01 1.923832806585145662e-40
5.219970776698607295e+01 2.159421422526769507e-40
5.355276731360496001e+01 2.020621030115412204e-40
5.494089928141188750e+01 2.060634615224738726e-40
5.636501277653678699e+01 2.030555125371640929e-40
5.782604046989148117e+01 2.154986690196358033e-40
5.932493920798827247e+01 1.949863717660431401e-40
6.086269063959150571e+01 2.090655908450239661e-40
6.244030185861243609e+01 2.112884014731407324e-40
6.405880606366842756e+01 2.125632148221781729e-40
6.571926323473849152e+01 2.257330723550477659e-40
6.742276082735838827e+01 2.242258854471026252e-40
6.917041448480962629e+01 2.301791143445571427e-40
7.096336876876921451e+01 2.235480786672368697e-40
7.280279790889835567e+01 2.368106093977690837e-40
7.468990657186105864e+01 2.279071923810236759e-40
7.662593065027638772e+01 2.336610160416043720e-40
7.861213807212111249e+01 2.338494577383683104e-40
8.064982963111251024e+01 2.548964616884727157e-40
8.274033983861561126e+01 2.415112807316594689e-40
8.488503779763243529e+01 2.407353876854800080e-40
8.708532809944580322e+01 2.451670570604249617e-40
8.934265174350490213e+01 2.520590602341970719e-40
9.165848708115501609e+01 2.563483882923556741e-40
9.403435078382956647e+01 2.419459547366429487e-40
9.647179883633837960e+01 2.465434576193739800e-40
9.897242755590296781e+01 2.517714833428640861e-40
1.015378746376059098e+02 2.414123835094647857e-40
1.041698202269391658e+02 2.487475829808529912e-40
1.068699880201538406e+02 2.478696968449980880e-40
1.096401463931317153e+02 2.420496087283092538e-40
1.124821095595183209e+02 2.386678472542269080e-40
1.153977387588755192e+02 2.385401177951082045e-40
1.183889434756321890e+02 2.347279547936726731e-40
1.214576826896309854e+02 2.239148645828127425e-40
1.246059661590901158e+02 2.241530714923754625e-40
1.278358557368217703e+02 2.089396137677287409e-40
1.311494667205655560e+02 1.994395400010939180e-40
1.345489692383261797e+02 1.956034717692529602e-40
1.380365896696188486e+02 1.770238657238407286e-40
1.416146121035550891e+02 1.684944414990385815e-40
1.452853798347229599e+02 1.510526279874160310e-40
1.490512968978420361e+02 1.309879334066898461e-40
1.529148296421977591e+02 1.110931767447118882e-40
1.568785083468864627e+02 8.686943023573750097e-41
1.609449288779288736e+02 6.131455894727633493e-41
1.651167543883373412e+02 3.215243828560540075e-41
1.693967170622501328e+02 2.705418924719112499e-55
