# label=highfre axion+backreaction
# source_module=highfre322v
# source_component=axion_backreaction_total
# source_transition_family=fine
# source_frequency_frame=observer
# source_redshift=0.0000000000000000e+00
# source_luminosity_distance_m=3.0856775814913671e+19
# rate_model=remnant_cloud_effective
# r0_gpc3_yr=1.0000000000000000e+00
# r_eff0_gpc3_yr=1.0000000000000000e+00
# rate_evolution=constant
# z_model=1.0000000000000000e+01
# f_ret=1.0000000000000000e+00
# f_2g=1.0000000000000000e+00
# f_cloud=1.0000000000000000e+00
# f_duty=1.0000000000000000e+00
# remnant_spin=6.9999999999999996e-01
# spin_model=GerosaBerti2017
# kerr_m_omega_h=2.0418368367551071e-01
# cloud_azimuthal_m=2
# superradiant_spin_threshold=5.5045871559633019e-01
# nu_cut_hz=7.7547497937276717e+01
# characteristic_mass_msun=5.0500000000000000e-01
# hubble_h0_si=2.1953038906696129e-18
# rho_c_energy_density_si=7.7465150935130668e-10
# omega_gw_formula=f_over_rho_c_H0_integral_R_eff_dE_dnu_over_1plusz_Ez
# single_event_spectrum_frame=local_source_z0
# energy_spectrum_prefactor=two_pi_squared_c_cubed_over_G
# source_angle_average_factor=8.0000000000000004e-01
# single_event_fourier_convention=h_tilde_integral_h_exp_minus_2pi_i_f_t_dt
# columns=frequency_hz omega_gw
2.294549062541474118e-04 0.000000000000000000e+00
2.353841681419664093e-04 3.556703629788523082e-41
2.414666459583888786e-04 7.269888928625786849e-41
2.477062989012410415e-04 1.222152523418381896e-40
2.541071884765591735e-04 1.704926194669061625e-40
2.606734811423002665e-04 2.332899301922823450e-40
2.674094510203651803e-04 2.951696073519069512e-40
2.743194826787054633e-04 3.740643531703632033e-40
2.814080739853194171e-04 4.524821731804998288e-40
2.886798390359983043e-04 5.401091077508750311e-40
2.961395111577267195e-04 6.492875174272702437e-40
3.037919459896930253e-04 7.589045426363051680e-40
3.116421246439160606e-04 8.937473150738570226e-40
3.196951569475420338e-04 1.029897963709695904e-39
3.279562847689268252e-04 1.195561899216227587e-39
3.364308854296654350e-04 1.363646065646697944e-39
3.451244752047904324e-04 1.549509750388654163e-39
3.540427129134178573e-04 1.772671532351027573e-39
3.631914036021772997e-04 2.000445281310127153e-39
3.725765023238262574e-04 2.271810922894294514e-39
3.822041180135023197e-04 2.549753000174898901e-39
3.920805174651439224e-04 2.878621832341487877e-39
4.022121294106628404e-04 3.216504627513222309e-39
4.126055487045249292e-04 3.613859082851604047e-39
4.232675406164637167e-04 4.023233959835589825e-39
4.342050452351195857e-04 4.472406345375031353e-39
4.454251819854741605e-04 4.996538023581075737e-39
4.569352542630138029e-04 5.538433156971024814e-39
4.687427541876470864e-04 6.167052431651909415e-39
4.808553674804643828e-04 6.816123145546240814e-39
4.932809784665165981e-04 7.564376830436943642e-39
5.060276752068689713e-04 8.338076759115137284e-39
5.191037547632693875e-04 9.180615634195854958e-39
5.325177285988624875e-04 1.014683766954734910e-38
5.462783281184558845e-04 1.114780247263225709e-38
5.603945103519560912e-04 1.229196808910308332e-38
5.748754637846648346e-04 1.347869352239654117e-38
5.897306143382350209e-04 1.483111834902266395e-38
6.049696315061784194e-04 1.623537764605594832e-38
6.206024346479177469e-04 1.783128374248103722e-38
6.366391994454850172e-04 1.949000356735775105e-38
6.530903645270574615e-04 2.128914232121481597e-38
6.699666382616580734e-04 2.332628905717812803e-38
6.872790057294305517e-04 2.544638935550469202e-38
7.050387358720323168e-04 2.783745995638072890e-38
7.232573888277983457e-04 3.031847103045303853e-38
7.419468234564488085e-04 3.310522787883553647e-38
7.611192050582450035e-04 3.599777440977849254e-38
7.807870132926013037e-04 3.911541071473265734e-38
8.009630503013378785e-04 4.260753409681407030e-38
8.216604490418241138e-04 4.623389745475323166e-38
8.428926818354686530e-04 5.028862994122404273e-38
8.646735691371028364e-04 5.450048181221544046e-38
8.870172885309703104e-04 5.920186807803366399e-38
9.099383839591854107e-04 6.408673300347462018e-38
9.334517751886444673e-04 6.952594163013636554e-38
9.575727675225924242e-04 7.515852228030485814e-38
9.823170617631190541e-04 8.118763782384936988e-38
1.007700764431107435e-03 8.786830770766714489e-38
1.033740398250266321e-03 9.478407101626070178e-38
1.060452912902077639e-03 1.024371598739105111e-37
1.087855696058663817e-03 1.103593248391412416e-37
1.115966584700735014e-03 1.191148079186566239e-37
1.144803876728026342e-03 1.281778531684439363e-37
1.174386342869729273e-03 1.378428283151183270e-37
1.204733238902713083e-03 1.484691136375974945e-37
1.235864318185466403e-03 1.594277807034518541e-37
1.267799844515925083e-03 1.714651971600988256e-37
1.300560605321559671e-03 1.838778734983811660e-37
1.334167925190285530e-03 1.974993766355955400e-37
1.368643679751050486e-03 2.115440466164382932e-37
1.404010309913074394e-03 2.269272544420696785e-37
1.440290836473059758e-03 2.427410035928234059e-37
1.477508875099855633e-03 2.594856556456335304e-37
1.515688651706333058e-03 2.777708664089092681e-37
1.554855018218489820e-03 2.965681621065251026e-37
1.595033468752014025e-03 3.170802564089768684e-37
1.636250156206898662e-03 3.381545132929297990e-37
1.678531909290834501e-03 3.610853779881364707e-37
1.721906249982520188e-03 3.846122192980197753e-37
1.766401411446230293e-03 4.094518632310956243e-37
1.812046356409302344e-03 4.364613756367097171e-37
1.858870796014525225e-03 4.641799004690688313e-37
1.906905209159653111e-03 4.942603811907806079e-37
1.956180862336711658e-03 5.251041499362041335e-37
2.006729829983919765e-03 5.585581567068574877e-37
2.058585015363544133e-03 5.928784433896403258e-37
2.111780171979245248e-03 6.300668345067339589e-37
2.166349925546855442e-03 6.682022004844922208e-37
2.222329796532912863e-03 7.083696150598026763e-37
2.279756223275568143e-03 7.518339972368673950e-37
2.338666585703007891e-03 7.964347959894100467e-37
2.399099229664718690e-03 8.446340547162046962e-37
2.461093491891525476e-03 8.941014089407848220e-37
2.524689725600597068e-03 9.468398147752003727e-37
2.589929326762102982e-03 9.945020502793292847e-37
2.656854761044632422e-03 1.044186187672470359e-36
2.725509591456858841e-03 1.095955509478319901e-36
2.795938506703548026e-03 1.149876568589042849e-36
2.868187350274236606e-03 1.206003410635091579e-36
2.942303150283626101e-03 1.264398455390009052e-36
3.018334150083052878e-03 1.325115644101875992e-36
3.096329839662978131e-03 1.388203864096595124e-36
3.176340987866959394e-03 1.453715268314048038e-36
3.258419675437998313e-03 1.521686848738173570e-36
3.342619328918909269e-03 1.592161006010161807e-36
3.428994755428612772e-03 1.665163753334454798e-36
3.517602178337124897e-03 1.740725332164697642e-36
3.608499273862387450e-03 1.818858070879262642e-36
3.701745208612790012e-03 1.899571877356298444e-36
3.797400678099830881e-03 1.982868745601974326e-36
3.895527946245911245e-03 2.068731342059403373e-36
3.996190885913135545e-03 2.157145069834543815e-36
4.099455020479298058e-03 2.248064694997797636e-36
4.205387566488289104e-03 2.341450000083070021e-36
4.314057477402587562e-03 2.437226096324584633e-36
4.425535488486346397e-03 2.535316302021205077e-36
4.539894162848313874e-03 2.635615887751216826e-36
4.657207938674455018e-03 2.737996630562764140e-36
4.777553177681226858e-03 2.842324216335212090e-36
4.901008214820755035e-03 2.948410845175848806e-36
5.027653409270587889e-03 3.056073407255397897e-36
5.157571196740920981e-03 3.165232875272563468e-36
5.290846143133551976e-03 3.275975570652963851e-36
5.427564999587423424e-03 3.388094925198604948e-36
5.567816758946486123e-03 3.501348999824795147e-36
5.711692713686878677e-03 3.615485984121137042e-36
5.859286515340808230e-03 3.730185878220128662e-36
6.010694235456160231e-03 3.845137713548029186e-36
6.166014428131183327e-03 3.959946451437089990e-36
6.325348194165214891e-03 4.074222255808031863e-36
6.488799246867089227e-03 4.187493905651095057e-36
6.656473979563987640e-03 4.299267947905704397e-36
6.828481534854934608e-03 4.408999481326216532e-36
7.004933875653630848e-03 4.516066155270515588e-36
7.185945858067297777e-03 4.619844112973344071e-36
7.371635306158579037e-03 4.719574241635814316e-36
7.562123088639435657e-03 4.814515899940563301e-36
7.757533197546869104e-03 4.904653936393923748e-36
7.957992828951557240e-03 4.990338748546415684e-36
8.163632465752256734e-03 5.070870864128633468e-36
8.374585962609419620e-03 5.145540140247947284e-36
8.590990633073799718e-03 5.213575814508412603e-36
8.812987338966305970e-03 5.274123182001083401e-36
9.040720582067618416e-03 5.326332533989087297e-36
9.274338598177072138e-03 5.369210849714603277e-36
9.513993453602086550e-03 5.401808532882423909e-36
9.759841144140997751e-03 5.423000184675570880e-36
1.001204169662351859e-02 5.431691052018491995e-36
1.027075927307530279e-02 5.427694448091911207e-36
1.053616227757396377e-02 5.413212779320588946e-36
1.080842346586645235e-02 5.387799707243154087e-36
1.108772005781897586e-02 5.350527674199259326e-36
1.137423385277272665e-02 5.300710138953817680e-36
1.166815134788040491e-02 5.237315420250176959e-36
1.196966385950071037e-02 5.159567972027649528e-36
1.227896764772972923e-02 5.066429188587610792e-36
1.259626404415023840e-02 4.956941524804043670e-36
1.292175958288219878e-02 4.833477947609827574e-36
1.325566613501963885e-02 4.699700176936098022e-36
1.359820104654151617e-02 4.555285016503076075e-36
1.394958727978621096e-02 4.399679336399125078e-36
1.431005355858187139e-02 4.232554949920942049e-36
1.467983451712703141e-02 4.053324355779418671e-36
1.505917085271832150e-02 3.861630369054781959e-36
1.544830948242484521e-02 3.660082938405887873e-36
1.584750370381106735e-02 3.455231643809804325e-36
1.625701335981293710e-02 3.247196071616792389e-36
1.667710500787444525e-02 3.035810227539197095e-36
1.710805209345482233e-02 2.820936610126782121e-36
1.755013512801931186e-02 2.602397407814066090e-36
1.800364187162923485e-02 2.383070044069175290e-36
1.846886752025039824e-02 2.170364088852507056e-36
1.894611489790161418e-02 1.964102123056101041e-36
1.943569465376851491e-02 1.763961824708102606e-36
1.993792546441083141e-02 1.569403907424716693e-36
2.045313424119491255e-02 1.381417381810221015e-36
2.098165634308642863e-02 1.206780723328704981e-36
2.152383579494170779e-02 1.045401127464114974e-36
2.208002551143994213e-02 8.960837287088019239e-37
2.265058752680187276e-02 7.576851363366001276e-37
2.323589323044468122e-02 6.322044927554807954e-37
2.383632360872608297e-02 5.224036062990870288e-37
2.445226949293567709e-02 4.262740998311730045e-37
2.508413181369406261e-02 3.419143255414014210e-37
2.573232186192614748e-02 2.691993822919161658e-37
2.639726155657803885e-02 2.094811958122830729e-37
2.707938371925190310e-02 1.604368748940315282e-37
2.777913235593761423e-02 1.201212701636817935e-37
2.849696294602445043e-02 8.836093725127786337e-38
2.923334273878122266e-02 6.428139747245600084e-38
2.998875105749732387e-02 4.614810232436859970e-38
3.076367961148328625e-02 3.269574914877350122e-38
3.155863281613347643e-02 2.356165848872438117e-38
3.237412812125943506e-02 1.757764770747621405e-38
3.321069634790760339e-02 1.376140604820856303e-38
3.406888203388053205e-02 1.192185863940916359e-38
3.494924378818684008e-02 1.122199758499330662e-38
3.585235465464993443e-02 1.154049968724940883e-38
3.677880248491307430e-02 1.239573989472877613e-38
3.772919032108285053e-02 1.391409747581859979e-38
3.870413678826053333e-02 1.566017468893807366e-38
3.970427649721661179e-02 1.796739308412221971e-38
4.073026045747071833e-02 2.049342045334409754e-38
4.178275650104597977e-02 2.353066084293095884e-38
4.286244971717304009e-02 2.705005243383874969e-38
4.397004289822754181e-02 3.094973132584227976e-38
4.510625699719068155e-02 3.575899791130336479e-38
4.627183159693092074e-02 4.103519485851846719e-38
4.746752539161221834e-02 4.726543565090068574e-38
4.869411668054208359e-02 5.470937557056968221e-38
4.995240387478128846e-02 6.303776980310477476e-38
5.124320601684413667e-02 7.286089325183359184e-38
5.256736331382867028e-02 8.459482851068647451e-38
5.392573768432303016e-02 9.817760513989368319e-38
5.531921331944426867e-02 1.137677943651934977e-37
5.674869725837478757e-02 1.324271173342691715e-37
5.821511997877092115e-02 1.546504400695257221e-37
5.971943600242839850e-02 1.807126052285963172e-37
6.126262451659792579e-02 2.116075627646791331e-37
6.284569001135661970e-02 2.477781085461060934e-37
6.446966293344918997e-02 2.910775974893377891e-37
6.613560035702488460e-02 3.424399097141236245e-37
6.784458667170670254e-02 4.044562849517063868e-37
6.959773428844064080e-02 4.787225680142759920e-37
7.139618436358496911e-02 5.685394319034810218e-37
7.324110754170966298e-02 6.773998588688678191e-37
7.513370471759098224e-02 8.095712194704711487e-37
7.707520781789616027e-02 9.717841233583709633e-37
7.906688060306729660e-02 1.170737430912015406e-36
8.111001948992660471e-02 1.417976706836738540e-36
8.320595439553808703e-02 1.725441412712688618e-36
8.535604960287529464e-02 2.111201511049849282e-36
8.756170464885874860e-02 2.597877598861660747e-36
8.982435523533997823e-02 3.217166190703738510e-36
9.214547416362696419e-02 4.017205126956320914e-36
9.452657229315772347e-02 5.057929904651823105e-36
9.696919952494678641e-02 6.424427883359781019e-36
9.947494581044463713e-02 8.250987172325632995e-36
1.020454421864664257e-01 1.073175247378972198e-35
1.046823618368647041e-01 1.414777780266517489e-35
1.073874211816351204e-01 1.897520328698559346e-35
1.101623809941666005e-01 2.593052233258853475e-35
1.130090475473613104e-01 3.628685778115270214e-35
1.159292737893712760e-01 5.218231941333572817e-35
1.189249605497167128e-01 7.768281042136756735e-35
1.219980577765712448e-01 1.209692329652584895e-34
1.251505658060197979e-01 1.994338897777849317e-34
1.283845366641138686e-01 3.554772201020303154e-34
1.317020754025738372e-01 7.088912052793114364e-34
1.351053414690061572e-01 1.685195675352879084e-33
1.385965501125278887e-01 5.501155141075472302e-33
1.421779738257136216e-01 3.978810775772943936e-32
1.458519438238027877e-01 3.088104948126602601e-26
1.496208515621317015e-01 2.902212957708175129e-25
1.534871502927753761e-01 3.073465850309248819e-25
1.574533566614154112e-01 3.268723268733401734e-25
1.615220523454713453e-01 3.505452631937556810e-25
1.656958857345623704e-01 3.726624378073940206e-25
1.699775736543934490e-01 3.955965479553310639e-25
1.743699031351873818e-01 4.234535444060823915e-25
1.788757332258153754e-01 4.520163866052993574e-25
1.834979968548038631e-01 4.789337944817146459e-25
1.882397027394330236e-01 5.116978778908384172e-25
1.931039373441665041e-01 5.484501771671650635e-25
1.980938668896885246e-01 5.800154775898630089e-25
2.032127394138557586e-01 6.185282389568787859e-25
2.084638868859052807e-01 6.649417919219131946e-25
2.138507273752960625e-01 7.026438412228030662e-25
2.193767672765928045e-01 7.478821078259895806e-25
2.250456035918438902e-01 8.026779971238783533e-25
2.308609262719368282e-01 8.514331821546363087e-25
2.368265206184558547e-01 9.045269609857656212e-25
2.429462697476048871e-01 9.689534710768515233e-25
2.492241571177999937e-01 1.031978666920984828e-24
2.556642691225773367e-01 1.094229451267802981e-24
2.622707977505011612e-01 1.169917469651524649e-24
2.690480433138081051e-01 1.251056773201748714e-24
2.760004172475600814e-01 1.323956127028397069e-24
2.831324449811293276e-01 1.412791584840319278e-24
2.904487688838843229e-01 1.516866422658183469e-24
2.979541512869941511e-01 1.867450232715187560e-24
3.056534775833195661e-01 1.991120453300036606e-24
3.135517594074039294e-01 2.133606188775614132e-24
3.216541378976408017e-01 2.260040285260866184e-24
3.299658870427357726e-01 2.404479434100835186e-24
3.384924171146441174e-01 2.572779265640087169e-24
3.472392781902168268e-01 2.736529037719168873e-24
3.562121637638493432e-01 2.903661353170325464e-24
3.654169144534819558e-01 3.102332565469389807e-24
3.748595218023683673e-01 3.313550398637733074e-24
3.845461321790801246e-01 3.505069985828040184e-24
3.944830507782936535e-01 3.742969713641138910e-24
4.046767457249582645e-01 4.004705675896991701e-24
4.151338522845189338e-01 4.232633715806485721e-24
4.258611771819337255e-01 4.514084968681184981e-24
4.368657030322971035e-01 4.835352723835312384e-24
4.481545928859558270e-01 7.491777136933245536e-24
4.597351948910686215e-01 8.416562117042130876e-24
4.716150470766541924e-01 8.417996889172220224e-24
4.838018822592339285e-01 9.548986737315742440e-24
4.963036330762658488e-01 9.589268296473705573e-24
5.091284371496458405e-01 1.063350229241101414e-23
5.222846423826362772e-01 1.117081648179768279e-23
5.357808123936733669e-01 1.169583203167264160e-23
5.496257320905826305e-01 1.294874708926212695e-23
5.638284133888405991e-01 1.305783052192604986e-23
5.783981010775974818e-01 1.478961281544560172e-23
5.933442788372822463e-01 2.220812459460378814e-23
6.086766754127063139e-01 2.072890836179210939e-23
6.244052709456840988e-01 2.630423501690650118e-23
6.405403034712944255e-01 2.278632247583959491e-23
6.570922755820051142e-01 2.948479512342992256e-23
6.740719612640070357e-01 2.698280602803154389e-23
6.914904129102021901e-01 3.125342350170217220e-23
7.093589685144107149e-01 3.302789659995179313e-23
7.276892590514825176e-01 3.258065182557978502e-23
7.464932160481138057e-01 4.272235620056129187e-23
7.657830793493023425e-01 5.131730535265957231e-23
7.855714050854857300e-01 5.074012642830326956e-23
8.058710738455631128e-01 5.408097932971821994e-23
8.266952990611088348e-01 6.079366232463376615e-23
8.480576356072403454e-01 5.787870038274662344e-23
8.699719886257391011e-01 7.143726604064315804e-23
8.924526225761638676e-01 7.205165843046605711e-23
9.155141705208564851e-01 9.865946803265844550e-23
9.391716436498688259e-01 7.819985150611827153e-23
9.634404410520288620e-01 1.129195014351955454e-22
9.883363597384922095e-01 9.214393290570530479e-23
1.013875604925311258e+00 1.168417665510964592e-22
1.040074800581710202e+00 1.150994903802060086e-22
1.066951000250935477e+00 1.419465481456078158e-22
1.094521698150727751e+00 1.476365505057655736e-22
1.122804840560626793e+00 1.346372115109899210e-22
1.151818837503542303e+00 1.872988702015823949e-22
1.181582574729179935e+00 1.508358720410590650e-22
1.212115426007125407e+00 2.226433017132838550e-22
1.243437265737591613e+00 1.955797137964965216e-22
1.275568481888033956e+00 2.328871168196629280e-22
1.308529989264061832e+00 2.491785240102808765e-22
1.342343243123267138e+00 2.222858751349235056e-22
1.377030253140854477e+00 2.977300470169941277e-22
1.412613597736146698e+00 2.382843655921331477e-22
1.449116438769298298e+00 3.392890069117228817e-22
1.486562536617779262e+00 3.131397421692170525e-22
1.524976265642445483e+00 4.033760142080795843e-22
1.564382630053269052e+00 3.982878669110457749e-22
1.604807280185034379e+00 3.798807030227829586e-22
1.646276529193623217e+00 4.168856910441276885e-22
1.688817370183735012e+00 2.932346713620176966e-22
1.732457493779201441e+00 4.723431536666803999e-22
1.777225306147326878e+00 3.648572271184358283e-22
1.823149947488988953e+00 5.476547170151420259e-22
1.870261311006544247e+00 5.075256187669296048e-22
1.918590062361857917e+00 6.008240255801582297e-22
1.968167659637160671e+00 6.362084986373658011e-22
2.019026373811696473e+00 5.414960431886430519e-22
2.071199309767502772e+00 7.285013757090860901e-22
2.124720427837992975e+00 5.441107797553268409e-22
2.179624565913369505e+00 8.343629526948434829e-22
2.235947462117251039e+00 7.186996683484555052e-22
2.293725778069289234e+00 9.588435017666160543e-22
2.352997122748889058e+00 9.572647464253635855e-22
2.413800076975586961e+00 9.433336665321352051e-22
2.476174218522044779e+00 1.127733451656682767e-21
2.540160147875943686e+00 8.402250399169084265e-22
2.605799514667582084e+00 1.274662740671815848e-21
2.673135044780428071e+00 1.001383120439901654e-21
2.742210568162150697e+00 1.490821798660613190e-21
2.813071047354389176e+00 1.366264621114207132e-21
2.885762606759662674e+00 1.568518415518597318e-21
2.960332562664640399e+00 1.705047803605581535e-21
3.036829454039176035e+00 1.393150233745529312e-21
3.115303074131204664e+00 1.923223002196029010e-21
3.195804502878137221e+00 1.404973771816254356e-21
3.278386140155690409e+00 2.162630889232988723e-21
3.363101739885991037e+00 1.815737595965149109e-21
3.450006445026949642e+00 2.420974077330899143e-21
3.539156823465884116e+00 2.409565813628559671e-21
3.630610904840587239e+00 2.283327067817171832e-21
3.724428218311876204e+00 2.812341266519523011e-21
3.820669831312278220e+00 2.004422541349847910e-21
3.919398389295899232e+00 3.167396914868500333e-21
4.020678156515574031e+00 2.422504993818768749e-21
4.124575057853600235e+00 3.667857779158236289e-21
4.231156721733525750e+00 3.347326908319256756e-21
4.340492524140720398e+00 3.756213824473851942e-21
4.452653633780469633e+00 4.116438450194403347e-21
4.567713058403068516e+00 3.186935025668949752e-21
4.685745692325847145e+00 4.594059477225439264e-21
4.806828365183354990e+00 3.227203824603703891e-21
4.931039891937111896e+00 4.755695083042189796e-21
5.058461124177807022e+00 3.795710804961767556e-21
5.189175002753069421e+00 5.277525715753387586e-21
5.323266611755173905e+00 5.112072000871006740e-21
5.460823233903933094e+00 4.660242892298995239e-21
5.601934407360555035e+00 5.901028490184444296e-21
5.746691984009783205e+00 3.832049341650911923e-21
5.895190189247907497e+00 6.647940196281009127e-21
6.047525683315901013e+00 4.791797228858684469e-21
6.203797624217338935e+00 7.751618213983214989e-21
6.364107732262142214e+00 6.850496380799714238e-21
6.528560356278307886e+00 6.201540663343388503e-21
6.697262541534395375e+00 7.395407680803831644e-21
6.870324099417390862e+00 4.067418219843280443e-21
7.047857678910865786e+00 8.294103834481486563e-21
7.229978839920391032e+00 7.866537486230605504e-21
7.416806128493588446e+00 6.181649024584229104e-21
7.608461153983909320e+00 5.785181737263673887e-21
7.805068668208524407e+00 6.218295013139285064e-21
8.006756646651481901e+00 1.193771301386059325e-20
8.213656371765448938e+00 8.700870141729928670e-21
8.425902518425772314e+00 4.994878587003543748e-21
8.643633241592976191e+00 5.998435362149477503e-21
8.866990266240334151e+00 6.998386837468985963e-21
9.096118979605243737e+00 1.170455342676252935e-20
9.331168525824601545e+00 6.730967994356406390e-21
9.572291903015347714e+00 1.218365742671367066e-20
9.819646062863929714e+00 1.357001187682023977e-20
1.007339201278892205e+01 1.100339137543754144e-20
1.033369492074388241e+01 5.456850395287841879e-21
1.060072422272818393e+01 9.594285110494617086e-21
1.087465373307598604e+01 1.081769330697486161e-20
1.115566175759537160e+01 4.787645612158956948e-21
1.144393120963072974e+01 8.282836639767071750e-21
1.173964972912463267e+01 9.564153851460119023e-21
1.204300980475597527e+01 2.840679051926935922e-21
1.235420889923459598e+01 3.332427458807014362e-21
1.267344957783335779e+01 4.265374792190481680e-21
1.300093964024156534e+01 7.835827716378895893e-21
1.333689225582582871e+01 6.035688079501138270e-21
1.368152610238575306e+01 1.268666390305819742e-20
1.403506550849559176e+01 4.288370824773559385e-21
1.439774059952367402e+01 1.376314615598005978e-20
1.476978744742546645e+01 4.725733480795798903e-21
1.515144822440712247e+01 1.126555252642109829e-20
1.554297136055977546e+01 3.303165955680903418e-21
1.594461170556751028e+01 1.178317546336001037e-20
1.635663069459351604e+01 5.876548858938863624e-21
1.677929651845333936e+01 5.744223599311783769e-21
1.721288429818501342e+01 4.424524930158260888e-21
1.765767626413068925e+01 4.926327553075156462e-21
1.811396193964549894e+01 6.870546014251622332e-21
1.858203832955358692e+01 5.506294639125371368e-21
1.906221011347431826e+01 4.764300022432926783e-21
1.955478984414361676e+01 2.719921140267278770e-21
2.006009815086063597e+01 1.014334886044663051e-21
2.057846394819102898e+01 4.104844961367815635e-21
2.111022465006382376e+01 3.163323698664162590e-21
2.165572638940030359e+01 3.107874699066040824e-21
2.221532424341821965e+01 2.227987297362629205e-21
2.278938246475845375e+01 7.881077773019460037e-22
2.337827471858349426e+01 1.826348096627045829e-21
2.398238432580336621e+01 1.589239509574954207e-21
2.460210451258598496e+01 2.214197145480157461e-21
2.523783866631574568e+01 1.338110654208550173e-21
2.589000059816548216e+01 8.825441172367808232e-22
2.655901481245419049e+01 1.691355893164225497e-21
2.724531678296463966e+01 1.326570365986760694e-21
2.794935323640116920e+01 1.012366247041198650e-21
2.867158244317279880e+01 8.758050845931336539e-22
2.941247451568948890e+01 1.547885346761735773e-22
3.017251171436752344e+01 4.781164430279615536e-22
3.095218876154127940e+01 6.694241607963727099e-22
3.175201316348763214e+01 6.239316708952386140e-22
3.257250554077101867e+01 2.779776148244396141e-22
3.341419996712486551e+01 1.949455009213878274e-22
3.427764431709052673e+01 9.330721927207264350e-23
3.516340062263851252e+01 2.185221945190773769e-22
3.607204543900604676e+01 1.060720439210151456e-22
3.700417021998705991e+01 1.117880662305281081e-22
3.796038170292091962e+01 7.502983182740481463e-23
3.894130230362885214e+01 1.162405371588752687e-22
3.994757052155571131e+01 2.265804414022361254e-23
4.097984135538170136e+01 5.357464138887080643e-23
4.203878672937251082e+01 2.865731602759175423e-23
4.312509593074799596e+01 3.334544137105070693e-23
4.423947605835135022e+01 2.860703614029649745e-23
4.538265248291347831e+01 1.036765742817481614e-23
4.655536931921002974e+01 1.376861866979860919e-23
4.775838991041923975e+01 8.067038405663197211e-24
4.899249732499688292e+01 5.082769188343979169e-24
5.025849486638924901e+01 3.312144643204735157e-24
5.155720659591914057e+01 3.770013560341663442e-24
5.288947786918181748e+01 1.749592279335407288e-24
5.425617588630345267e+01 1.486567150217514527e-24
5.565819025641746265e+01 1.378841499222124372e-24
5.709643357672727859e+01 6.997383973903155710e-25
5.857184202653363059e+01 5.841859890859911518e-25
6.008537597661010921e+01 4.127847425022516458e-25
6.163802061432730994e+01 2.654650174651549302e-25
6.323078658492861592e+01 1.467750859078351550e-25
6.486471064937883568e+01 1.092092178781323922e-25
6.654085635921079245e+01 7.040408511900885489e-26
6.826031474881042982e+01 4.804875562958589714e-26
7.002420504559223957e+01 3.236116127626890269e-26
7.183367539852409323e+01 2.161021817269914669e-26
7.368990362547990003e+01 1.381336147229827466e-26
7.559409797990198854e+01 7.813869724880689249e-27
7.754749793727670237e+01 3.285181401448539307e-39
