# label=highfre transition radiation
# source_module=highfre322v
# source_component=axion_transition
# source_transition_family=fine
# source_frequency_frame=observer
# source_redshift=0.0000000000000000e+00
# source_luminosity_distance_m=3.0856775814913671e+19
# rate_model=remnant_cloud_effective
# r0_gpc3_yr=1.0000000000000000e+00
# r_eff0_gpc3_yr=1.0000000000000000e+00
# rate_evolution=constant
# z_model=1.0000000000000000e+01
# f_ret=1.0000000000000000e+00
# f_2g=1.0000000000000000e+00
# f_cloud=1.0000000000000000e+00
# f_duty=1.0000000000000000e+00
# remnant_spin=6.9999999999999996e-01
# spin_model=GerosaBerti2017
# kerr_m_omega_h=2.0418368367551071e-01
# cloud_azimuthal_m=2
# superradiant_spin_threshold=5.5045871559633019e-01
# p_superradiant=1.0000000000000000e+00
# nu_cut_hz=1.7374511764430957e+02
# characteristic_mass_msun=5.0500000000000000e-01
# hubble_h0_si=2.1953038906696129e-18
# rho_c_energy_density_si=7.7465150935130668e-10
# omega_gw_formula=f_over_rho_c_H0_integral_R_eff_dE_dnu_over_1plusz_Ez
# single_event_spectrum_frame=local_source_z0
# energy_spectrum_prefactor=two_pi_squared_c_cubed_over_G
# source_angle_average_factor=8.0000000000000004e-01
# single_event_fourier_convention=h_tilde_integral_h_exp_minus_2pi_i_f_t_dt
# columns=frequency_hz omega_gw
9.640509457359148614e-04 0.000000000000000000e+00
9.877173342949670774e-04 7.123449833252205811e-46
1.011964706618316773e-03 1.450869165825504904e-45
1.036807325217270048e-03 2.284859613685481691e-45
1.062259802732068610e-03 3.223781263963883104e-45
1.088337110527175721e-03 4.277938223089522922e-45
1.115054587497555684e-03 5.633244804833715404e-45
1.142427949091146281e-03 6.963446182701304665e-45
1.170473296552813122e-03 8.446242522463826441e-45
1.199207126395247661e-03 1.009609435483268560e-44
1.228646340102350701e-03 1.192871389978345120e-44
1.258808254070833531e-03 1.396116774208365268e-44
1.289710609795863229e-03 1.646316728948591111e-44
1.321371584306770940e-03 1.896819902880558157e-44
1.353809800858929392e-03 2.173452528561675979e-44
1.387044339888113351e-03 2.478588968925073480e-44
1.421094750233769990e-03 2.814804223948631761e-44
1.455981060637820792e-03 3.184890121772499917e-44
1.491723791525732899e-03 3.627972638869267051e-44
1.528343967076811142e-03 4.077388851055117803e-44
1.565863127590794721e-03 4.570674117203832565e-44
1.604303342158052825e-03 5.111684881887720199e-44
1.643687221640807283e-03 5.704596860955149611e-44
1.684037931973037146e-03 6.353930423304484419e-44
1.725379207786872102e-03 7.116430286914478303e-44
1.767735366373515606e-03 7.896921509368986053e-44
1.811131321986876510e-03 8.749947836910769535e-44
1.855592600498349488e-03 9.681715617089722349e-44
1.901145354411342423e-03 1.069893586427462368e-43
1.947816378244414089e-03 1.180853203672597562e-43
1.995633124292030356e-03 1.308980292619954645e-43
2.044623718772241999e-03 1.440569114884921032e-43
2.094816978370758753e-03 1.583456081476734142e-43
2.146242427191181329e-03 1.738535146424906064e-43
2.198930314121323119e-03 1.906767166021072513e-43
2.252911630625868168e-03 2.089182080068962906e-43
2.308218128975806933e-03 2.297555970488358160e-43
2.364882340925404669e-03 2.512414723928756359e-43
2.422937596847650737e-03 2.745082686355969078e-43
2.482418045339471017e-03 2.996937866444695161e-43
2.543358673308213774e-03 3.269459325565313300e-43
2.605795326551264054e-03 3.564231561182741483e-43
2.669764730840836018e-03 3.898211539990783116e-43
2.735304513526391149e-03 4.243668140551163962e-43
2.802453225667355351e-03 4.616931432301470645e-43
2.871250364709197842e-03 5.020109424866149673e-43
2.941736397716153330e-03 5.455073673537698038e-43
3.013952785174303043e-03 5.923026437742813581e-43
3.087942005378970910e-03 6.447945004648191145e-43
3.163747579420840474e-03 6.990131549002467393e-43
3.241414096785417108e-03 7.572707063342418465e-43
3.320987241580948893e-03 8.198474512241722909e-43
3.402513819410211797e-03 8.870414993735224391e-43
3.486041784901950345e-03 9.591700003093850464e-43
3.571620269918220330e-03 1.039655424605966538e-42
3.659299612454159842e-03 1.122873712949501580e-42
3.749131386247214932e-03 1.212118588519767086e-42
3.841168431113276428e-03 1.307798524299434422e-42
3.935464884027492331e-03 1.410214025991137351e-42
4.032076210968106589e-03 1.519560616528298333e-42
4.131059239542020194e-03 1.640610932608024285e-42
4.232472192411262414e-03 1.765386463919589956e-42
4.336374721540079032e-03 1.898477720465545583e-42
4.442827943282716581e-03 2.040395244142639407e-42
4.551894474332567053e-03 2.191683377894122374e-42
4.663638468553872249e-03 2.352914226498737690e-42
4.778125654717552129e-03 2.530753581575796504e-42
4.895423375163437084e-03 2.713927222569939843e-42
5.015600625411607318e-03 2.908359074606639220e-42
5.138728094746130605e-03 3.114646631237513639e-42
5.264878207795130674e-03 3.333468082014827503e-42
5.394125167131555605e-03 3.565532914539297173e-42
5.526544996919751165e-03 3.819924536637555176e-42
5.662215587633551150e-03 4.081191549667898084e-42
5.801216741872102477e-03 4.358063890499879006e-42
5.943630221300432934e-03 4.650895552682065325e-42
6.089539794742375792e-03 4.960228333406871431e-42
6.239031287454071747e-03 5.286956121316693582e-42
6.392192631607164673e-03 5.643298415886015118e-42
6.549113918011227435e-03 6.008244183280083726e-42
6.709887449105930712e-03 6.393562478620876515e-42
6.874607793254164205e-03 6.800056268441496121e-42
7.043371840367925948e-03 7.228233853507465100e-42
7.216278858899804159e-03 7.679233140767093249e-42
7.393430554233536116e-03 8.169214458439005993e-42
7.574931128507949966e-03 8.670254191159496874e-42
7.760887341909599758e-03 9.197915553461371929e-42
7.951408575469994661e-03 9.753007513751666095e-42
8.146606895404430101e-03 1.033676993284225780e-41
8.346597119030340142e-03 1.095072289979436347e-41
8.551496882303794705e-03 1.161577875006664581e-41
8.761426709013975245e-03 1.229564724828739608e-41
8.976510081676308123e-03 1.301011684492203090e-41
9.196873514165900335e-03 1.376088332132834089e-41
9.422646626134123515e-03 1.454980485825706413e-41
9.653962219251990134e-03 1.537877754023736092e-41
9.890956355325174892e-03 1.627398632612008327e-41
1.013376843632684231e-02 1.718936011171886178e-41
1.038254128639494282e-02 1.815057978287436629e-41
1.063742123584269887e-02 1.914616701742343985e-41
1.089855820723127471e-02 2.006083826112580852e-41
1.116610580355555105e-02 2.101230878900480213e-41
1.144022139859468025e-02 2.200172987613560835e-41
1.172106622948072309e-02 2.303019247153231548e-41
1.200880549153966401e-02 2.409870932125397338e-41
1.230360843546076180e-02 2.520831395806647029e-41
1.260564846685119020e-02 2.635996035376562945e-41
1.291510324823475810e-02 2.755452728316893439e-41
1.323215480355446200e-02 2.879285117983010902e-41
1.355698962524057825e-02 3.007571131325851308e-41
1.388979878390704872e-02 3.140380326316857590e-41
1.423077804074089972e-02 3.277772240069690782e-41
1.458012796265058947e-02 3.419791353187659697e-41
1.493805404024122624e-02 3.566474286565024519e-41
1.530476680868584488e-02 3.717843317825151277e-41
1.568048197156404755e-02 3.873909109794832450e-41
1.606542052774062937e-02 4.034666951290170718e-41
1.645980890135905622e-02 4.200093676297406668e-41
1.686387907502601841e-02 4.370138903583434394e-41
1.727786872626565010e-02 4.544737498832501148e-41
1.770202136732338880e-02 4.723797464035665624e-41
1.813658648840205806e-02 4.907205575928284425e-41
1.858181970441402653e-02 5.094819096915316167e-41
1.903798290533618293e-02 5.286464250992015818e-41
1.950534441025576424e-02 5.481921483701861591e-41
1.998417912519801290e-02 5.680943787780694989e-41
2.047476870482817235e-02 5.883238934599705397e-41
2.097740171812323418e-02 6.088478297606016061e-41
2.149237381811060915e-02 6.296406896051062803e-41
2.201998791577380876e-02 6.507258063578425606e-41
2.256055435822726038e-02 6.720764032815241703e-41
2.311439111126509238e-02 6.936533336043070519e-41
2.368182394639138655e-02 7.154125152411623773e-41
2.426318663244169185e-02 7.373059217698006838e-41
2.485882113190877873e-02 7.592792797330061480e-41
2.546907780208779865e-02 7.812729987685633265e-41
2.609431560115954216e-02 8.032194350626139239e-41
2.673490229933260173e-02 8.250448449871159893e-41
2.739121469516903745e-02 8.466682061961862804e-41
2.806363883722041985e-02 8.680025162118972290e-41
2.875257025110497175e-02 8.889513137137272839e-41
2.945841417215901842e-02 9.094105286652534846e-41
3.018158578379996973e-02 9.292643043015302299e-41
3.092251046174063905e-02 9.483880022859757526e-41
3.168162402419898854e-02 9.666465986647881078e-41
3.245937298824999595e-02 9.840165194817007408e-41
3.325621483247093862e-02 1.000589010605426378e-40
3.407261826603406180e-02 1.016255552719444017e-40
3.490906350440545203e-02 1.030890549088259653e-40
3.576604255181174002e-02 1.044361648157265280e-40
3.664405949064130502e-02 1.056529787304072352e-40
3.754363077794971304e-02 1.067246977174530584e-40
3.846528554924430465e-02 1.076352914587706894e-40
3.940956592972607447e-02 1.083680572223581482e-40
4.037702735317246633e-02 1.089047705681461013e-40
4.136823888864813586e-02 1.092263707010671235e-40
4.238378357523636675e-02 1.093129368873948866e-40
4.342425876498748338e-02 1.091823567542636992e-40
4.449027647428660526e-02 1.088628578897933256e-40
4.558246374384669619e-02 1.083409894562982672e-40
4.670146300753947460e-02 1.076022952769104977e-40
4.784793247028029661e-02 1.066321045769517859e-40
4.902254649519011132e-02 1.054154800041520050e-40
5.022599600026138311e-02 1.039369608483987129e-40
5.145898886476217571e-02 1.021805947243746295e-40
5.272225034561654755e-02 1.001290325883015776e-40
5.401652350400709679e-02 9.780554289470596608e-41
5.534256964244966409e-02 9.529324216884636877e-41
5.670116875259818834e-02 9.258864351232422277e-41
5.809311997404222744e-02 8.968423448430290699e-41
5.951924206436791376e-02 8.657266967351561747e-41
6.098037388075792237e-02 8.324544038887243517e-41
6.247737487341466223e-02 7.969393496228911962e-41
6.401112559109597977e-02 7.591726396721151476e-41
6.558252819906167097e-02 7.203454793327190737e-41
6.719250700973457280e-02 6.809570564270681723e-41
6.884200902638927533e-02 6.409841934412794383e-41
7.053200450018720646e-02 6.003904726537136352e-41
7.226348750088699979e-02 5.591522489980605327e-41
7.403747650156446147e-02 5.172478790752787114e-41
7.585501497768744328e-02 4.754513687897747003e-41
7.771717202089670207e-02 4.348902902383386989e-41
7.962504296785508084e-02 3.955093440966016245e-41
8.157975004453348056e-02 3.572284341946438496e-41
8.358244302631415157e-02 3.199754213541754648e-41
8.563429991429802324e-02 2.838174616053871377e-41
8.773652762821534945e-02 2.499823495663673697e-41
8.989036271634581743e-02 2.185962700086054392e-41
9.209707208286718738e-02 1.894453898970068153e-41
9.435795373305878864e-02 1.623265161314370092e-41
9.667433753679961772e-02 1.372626859001280341e-41
9.904758601080881908e-02 1.150358790325938087e-41
1.014790951200899294e-01 9.543527510959482241e-42
1.039702950990493147e-01 7.812336730544197188e-42
1.065226512927722746e-01 6.282125608729076122e-42
1.091376650189511965e-01 4.983053499905732063e-42
1.118168744509740326e-01 3.903930381825317543e-42
1.145618555226905755e-01 3.005717404455338639e-42
1.173742228553904809e-01 2.258689595377719042e-42
1.202556307075367120e-01 1.667933258138693891e-42
1.232077739478153189e-01 1.210661049146848766e-42
1.262323890520710701e-01 8.560297698360539245e-43
1.293312551247176867e-01 5.857980263568183465e-43
1.325061949452216725e-01 3.931569704109278328e-43
1.357590760402776209e-01 2.564744170409813386e-43
1.390918117823026767e-01 1.599439677298572961e-43
1.425063625148989266e-01 9.717410384213808561e-44
1.460047367059436607e-01 5.741863132761325355e-44
1.495889921289880187e-01 3.237090632228450623e-44
1.532612370736565754e-01 1.821063781434101755e-44
1.570236315857614640e-01 1.058541353425747062e-44
1.608783887378592015e-01 6.602810847338925905e-45
1.648277759309997592e-01 4.927890517562214911e-45
1.688741162284305153e-01 4.337059098614361929e-45
1.730197897220422942e-01 4.254938632307724660e-45
1.772672349323591023e-01 4.414437108037540940e-45
1.816189502428975366e-01 4.655092579738780078e-45
1.860774953697367506e-01 4.927383468405131367e-45
1.906454928671656723e-01 5.223358836860814813e-45
1.953256296702909345e-01 5.539885646604712216e-45
2.001206586755163164e-01 5.874996894887965535e-45
2.050334003598190125e-01 6.229540122754785988e-45
2.100667444397787131e-01 6.608286587968552716e-45
2.152236515713327469e-01 7.007550523977497267e-45
2.205071550912603706e-01 7.418160370773903092e-45
2.259203628014165299e-01 7.860084922898745211e-45
2.314664587967678600e-01 8.322279076142138215e-45
2.371487053383036503e-01 8.815060063865163656e-45
2.429704447719268356e-01 9.328770803850101068e-45
2.489351014944496399e-01 9.874022828364740680e-45
2.550461839678533349e-01 1.044132038341817337e-44
2.613072867829946411e-01 1.104980802529891014e-44
2.677220927739760725e-01 1.168505260549263404e-44
2.742943751844195699e-01 1.235612663465429994e-44
2.810279998869210649e-01 1.305733290656941703e-44
2.879269276569884073e-01 1.378752257366524439e-44
2.949952165028053019e-01 1.454046038710827992e-44
3.022370240521852214e-01 1.535774138569876458e-44
3.096566099981237774e-01 1.622851731235326944e-44
3.172583386043856812e-01 1.714409703326567181e-44
3.250466812726034993e-01 1.807063365153564664e-44
3.330262191723932230e-01 1.904247931499606654e-44
3.412016459360378562e-01 2.006150475066214896e-44
3.495777704193206437e-01 2.116293720136694770e-44
3.581595195301369716e-01 2.231045981189221995e-44
3.669519411265425579e-01 2.356541642010761325e-44
3.759602069859472318e-01 2.482712848349713174e-44
3.851896158471969089e-01 2.613184086146725601e-44
3.946455965273393818e-01 2.740324284311750515e-44
4.043337111148992413e-01 2.859371287499333261e-44
4.142596582415467577e-01 2.962697495835456715e-44
4.244292764340798496e-01 3.055914984568576768e-44
4.348485475486978391e-01 3.123730812024112173e-44
4.455236002895787695e-01 3.189738267857925210e-44
4.564607138138362941e-01 3.220553563003184923e-44
4.676663214249717204e-01 3.179178805964981438e-44
4.791470143570005780e-01 3.039211205619785707e-44
4.909095456514711020e-01 2.816048912689119405e-44
5.029608341296613050e-01 2.584429443589063914e-44
5.153079684622889900e-01 2.458284577349352120e-44
5.279582113391266818e-01 2.465578144890106813e-44
5.409190037409805640e-01 2.555017811744562339e-44
5.541979693165366427e-01 2.694008194468137986e-44
5.678029188666575688e-01 2.890202859665424142e-44
5.817418549387596283e-01 3.417345263045701847e-44
5.960229765339828401e-01 3.727229164228250664e-44
6.106546839299114016e-01 4.102038893080350655e-44
6.256455836216898714e-01 4.430210054433809072e-44
6.410044933844338821e-01 4.798630807898547509e-44
6.567404474599254360e-01 6.234224260429627703e-44
6.728627018706275775e-01 4.980993009688441957e-43
6.893807398641580431e-01 5.335800579915766421e-43
7.063042774914126687e-01 5.690072257710755187e-43
7.236432693216342527e-01 6.058537397334556683e-43
7.414079142977724191e-01 6.462107688409598042e-43
7.596086617355899406e-01 6.906346194339865798e-43
7.782562174700362601e-01 7.347160738324639289e-43
7.973615501525164184e-01 7.838691508510763173e-43
8.169358977027412205e-01 8.359102989457198223e-43
8.369907739189701434e-01 8.955445398803784328e-43
8.575379752505214448e-01 9.712919155975564414e-43
8.785895877365499373e-01 1.033037544957759435e-42
9.001579941151550690e-01 1.089369079593918822e-42
9.222558811070143969e-01 1.156204363456179353e-42
9.448962468778174806e-01 1.248707713243685662e-42
9.680924086839036713e-01 1.355971327627817708e-42
9.918580107055817718e-01 1.474806405825089074e-42
1.016207032072755645e+00 1.584698382956815598e-42
1.041153795087563561e+00 1.682649731629422399e-42
1.066712973648884066e+00 1.822819881457368257e-42
1.092899601883645655e+00 1.998960272831163619e-42
1.119729082990029267e+00 2.229271040947861867e-42
1.147217198297757701e+00 2.503577192374208486e-42
1.175380116550813980e+00 2.828904733770539559e-42
1.204234403418030785e+00 3.346155066421717985e-42
1.233797031237160668e+00 4.359089971301941908e-42
1.264085388998144044e+00 1.288156007871776265e-41
1.295117292571470458e+00 2.946058439113333970e-30
1.326910995187618791e+00 3.136561033768115384e-30
1.359485198173767673e+00 3.329675641585904614e-30
1.392859061954068389e+00 3.528522880492212004e-30
1.427052217319979999e+00 3.741791461784110802e-30
1.462084776977261358e+00 3.981978194356251338e-30
1.497977347376439505e+00 4.244138019842409966e-30
1.534751040833694624e+00 4.517334995699287299e-30
1.572427487949312086e+00 4.789405239337271983e-30
1.611028850330981310e+00 5.069376732951850102e-30
1.650577833629445212e+00 5.380503323818301549e-30
1.691097700894151012e+00 5.730513498915526270e-30
1.732612286256784317e+00 6.111101047984634493e-30
1.775146008950702736e+00 6.493038704235978662e-30
1.818723887674539741e+00 6.876527389436759056e-30
1.863371555308410699e+00 7.283580275172862242e-30
1.909115273991401018e+00 7.737245675068032244e-30
1.955981950569174899e+00 8.246884087114480120e-30
2.003999152420814056e+00 8.776546745759220400e-30
2.053195123674178557e+00 9.317887025860464018e-30
2.103598801819353437e+00 9.872259798637756457e-30
2.155239834729922421e+00 1.046379746834500594e-29
2.208148598102102955e+00 1.112303261592383168e-29
2.262356213321980114e+00 1.183182187042279305e-29
2.317894565771386084e+00 1.258863903513870659e-29
2.374796323583144186e+00 1.336750942161670887e-29
2.433094956856746816e+00 1.416829085472519585e-29
2.492824757345753817e+00 1.501908681078253042e-29
2.554020858628487378e+00 1.594118787504029182e-29
2.616719256773914815e+00 1.695922652220969537e-29
2.680956831514835770e+00 1.804545798723726129e-29
2.746771367940858966e+00 1.916441247648387695e-29
2.814201578723905417e+00 2.030489475372015449e-29
2.883287126889347629e+00 2.150367453722478921e-29
2.954068649146127878e+00 2.282512133833477312e-29
3.026587779789625454e+00 2.428386221037148997e-29
3.100887175191289646e+00 2.583899668101438484e-29
3.177010538889500246e+00 2.742273437321203088e-29
3.255002647296351803e+00 2.903402207516079082e-29
3.334909376035524620e+00 3.074291422040558321e-29
3.416777726926706560e+00 3.262997770760279836e-29
3.500655855632483604e+00 3.471085815624348314e-29
3.586593099983898636e+00 3.690744878130624985e-29
3.674640009001392205e+00 3.914429774223273939e-29
3.764848372628151640e+00 4.142404618812084180e-29
3.857271252193420263e+00 4.384748948747780461e-29
3.951963011623609745e+00 4.652404216303425820e-29
4.048979349419632889e+00 4.946036040626140865e-29
4.148377331419220049e+00 5.255416683518843247e-29
4.250215424363559258e+00 5.569553342528035691e-29
4.354553530287911478e+00 5.889675366634641774e-29
4.461453021756510040e+00 6.230247356201339240e-29
4.570976777962409976e+00 6.606117140249673166e-29
4.683189221713591088e+00 7.017496273285379792e-29
4.798156357326982757e+00 7.448980408102375181e-29
4.915945809452782811e+00 7.885469015896897055e-29
5.036626862851826480e+00 8.329646761508373953e-29
5.160270503149508414e+00 8.802510985111118885e-29
5.286949458590113338e+00 9.324048969893177237e-29
5.416738242816196980e+00 9.892776655527726136e-29
5.549713198698127847e+00 1.048599833765981656e-28
5.685952543239644719e+00 1.108315294996929199e-28
5.825536413585749251e+00 1.168953137146582783e-28
5.968546914160063999e+00 1.233496556952763906e-28
6.115068164959333252e+00 1.304586347297674788e-28
6.265186351033560364e+00 1.381749677501435064e-28
6.418989773180764580e+00 1.461705796743282896e-28
6.576568899886273023e+00 1.541688100993302494e-28
6.738016420537038087e+00 1.622620842291691065e-28
6.903427299942354267e+00 1.708685214433239097e-28
7.072898834192951512e+00 1.803260382305197096e-28
7.246530707891397860e+00 1.905395443228389021e-28
7.424425052787400503e+00 2.010394830533654886e-28
7.606686507852621126e+00 2.114568778612955877e-28
7.793422280830178295e+00 2.219472229847291880e-28
7.984742211295175807e+00 2.330755648802265963e-28
8.180758835263246098e+00 2.452869059423123180e-28
8.381587451385236420e+00 2.584030338926325851e-28
8.587346188766836974e+00 2.717541114563976186e-28
8.798156076453139463e+00 2.848697866754886322e-28
9.014141114618919204e+00 2.979698680953958000e-28
9.235428347506649871e+00 3.118730874518313898e-28
9.462147938154977567e+00 3.271266504039860215e-28
9.694433244961745189e+00 3.433936815156243177e-28
9.932420900126494701e+00 3.597716134925867447e-28
1.017625089001880134e+01 3.756033294035638702e-28
1.042606663751931784e+01 3.913842429673545147e-28
1.068201508638239794e+01 4.081888185063793834e-28
1.094424678766973535e+01 4.265855698902073893e-28
1.121291598830562464e+01 4.460715819619061546e-28
1.148818072180650063e+01 4.652793675122361712e-28
1.177020290123743784e+01 4.837868747104126026e-28
1.205914841445086871e+01 5.022669658917449744e-28
1.235518722166331074e+01 5.219356611487265539e-28
1.265849345542726034e+01 5.434577875085832691e-28
1.296924552305752876e+01 5.657083241808877633e-28
1.328762621157201451e+01 5.877584699482540473e-28
1.361382279520841720e+01 6.090032526636319438e-28
1.394802714558074541e+01 6.300992650737739149e-28
1.429043584453965288e+01 2.242696415993456880e-34
1.464125029980363379e+01 1.130784670047754529e-39
1.500067686342885942e+01 9.333200864286745565e-40
1.536892695318703872e+01 8.620210345208230365e-40
1.574621717692324196e+01 8.170282583833861168e-40
1.613276945996657830e+01 8.307917936814141673e-40
1.652881117566834845e+01 7.326550512398586844e-40
1.693457527914524974e+01 7.511962725574237346e-40
1.735030044430532570e+01 8.005502284963535532e-40
1.777623120423810121e+01 8.189076115878267242e-40
1.821261809505114471e+01 7.842303733297500542e-40
1.865971780323731011e+01 8.333804134260783462e-40
1.911779331666005532e+01 9.261453640342124898e-40
1.958711407924524295e+01 8.753208767657853382e-40
2.006795614947009554e+01 9.575972077878959093e-40
2.056060236274345954e+01 9.289245970083402600e-40
2.106534249777172718e+01 2.043203954993514996e-40
2.158247344700927073e+01 1.827497774371215528e-40
2.211229939129322730e+01 1.900642309829993861e-40
2.265513197876502716e+01 2.234769118116644042e-40
2.321129050818461081e+01 1.956319442616729681e-40
2.378110211674480823e+01 2.064193353872746735e-40
2.436490197249593237e+01 2.295081550444193760e-40
2.496303347149483898e+01 2.280966436203621644e-40
2.557584843979308786e+01 2.101680709689548241e-40
2.620370734038417382e+01 2.241101257794445451e-40
2.684697948523110256e+01 2.340205399913037246e-40
2.750604325249850390e+01 2.146127497895686526e-40
2.818128630911806809e+01 1.582282275687336197e-40
2.887310583881771464e+01 1.572077225884113280e-40
2.958190877574803679e+01 1.751531856009983245e-40
3.030811204384493251e+01 1.534448010886864760e-40
3.105214280206737953e+01 1.599402594220633785e-40
3.181443869565616822e+01 1.724178629398961495e-40
3.259544811356076366e+01 1.841781185699657284e-40
3.339563045218512372e+01 1.710919518098016440e-40
3.421545638560877478e+01 1.754309432708690303e-40
3.505540814244152870e+01 1.668554131236666441e-40
3.591597978947398673e+01 1.578933405250221254e-40
3.679767752229239619e+01 1.657449810346282183e-40
3.770101996302672376e+01 1.518158945540996254e-40
3.862653846540881375e+01 1.617356859000088813e-40
3.957477742731943948e+01 1.699964969976864230e-40
4.054629461100732613e+01 1.662169514312519630e-40
4.154166147116984575e+01 1.626994966505880336e-40
4.256146349108786353e+01 1.602969832776974815e-40
4.360630052701137060e+01 1.704562568750994832e-40
4.467678716100073188e+01 1.636248698794459979e-40
4.577355306242853317e+01 1.732491516181847395e-40
4.689724335835666125e+01 1.791522381302407481e-40
4.804851901300592232e+01 1.799676490560707759e-40
4.922805721654020061e+01 1.880648385161943941e-40
5.043655178339579237e+01 1.791657164412563901e-40
5.167471356038931418e+01 1.971274563247404504e-40
5.294327084484309154e+01 2.024068360303751607e-40
5.424296981297676723e+01 1.946423812846081876e-40
5.557457495881369880e+01 1.918487595411249021e-40
5.693886954386325527e+01 2.006597070513647680e-40
5.833665605784220531e+01 1.980740102311107600e-40
5.976875669070525987e+01 1.998280049103823783e-40
6.123601381626512818e+01 2.117642394754365513e-40
6.273929048768316363e+01 2.141228888979197706e-40
6.427947094512492754e+01 2.088566746133983985e-40
6.585746113587821071e+01 2.121543046834933293e-40
6.747418924723821476e+01 2.157436195967644568e-40
6.913060625247554469e+01 2.365127545435963738e-40
7.082768647020729702e+01 2.399559296240962610e-40
7.256642813749857623e+01 2.317209914707164908e-40
7.434785399703515907e+01 2.374149951949848747e-40
7.617301189870853761e+01 2.323546061007449884e-40
7.804297541597053112e+01 2.450200047300023678e-40
7.995884447731883427e+01 2.397663716068640860e-40
8.192174601328342476e+01 2.405626118804478394e-40
8.393283461929716793e+01 2.454872595417305861e-40
8.599329323483924270e+01 2.464185407182358300e-40
8.810433383924900852e+01 2.542734028117008377e-40
9.026719816462399137e+01 2.547298858272952412e-40
9.248315842621607885e+01 2.522958576683904348e-40
9.475351807075990962e+01 2.517275874063648657e-40
9.707961254317191901e+01 2.510882324122521979e-40
9.946281007206934532e+01 2.567226672874442853e-40
1.019045124745744602e+02 2.540965176873730699e-40
1.044061559808760791e+02 2.619185384466136233e-40
1.069692120790308678e+02 2.468922769020798281e-40
1.095951883805069684e+02 2.498122611140190717e-40
1.122856295069723274e+02 2.524225466645447410e-40
1.150421179988550335e+02 2.444038217162211228e-40
1.178662752462077918e+02 2.510531018663320490e-40
1.207597624424220157e+02 2.390789686926457938e-40
1.237242815613566052e+02 2.387785436912663915e-40
1.267615763584542776e+02 2.218591295033806194e-40
1.298734333964316363e+02 2.218635330662577499e-40
1.330616830961526489e+02 2.192987783739268704e-40
1.363282008132960073e+02 2.017352242788269171e-40
1.396749079414560697e+02 1.882840865542475133e-40
1.431037730423238941e+02 1.777031149047375100e-40
1.466168130036103037e+02 1.637835784984451932e-40
1.502160942253972564e+02 1.501502504178745904e-40
1.539037338356129112e+02 1.285931450604490648e-40
1.576819009353422985e+02 1.079873718290166690e-40
1.615528178747134689e+02 8.552301597525236205e-41
1.655187615601007280e+02 6.001117064672736688e-41
1.695820647934210967e+02 3.183638424364408850e-41
1.737451176443096017e+02 0.000000000000000000e+00
