# label=highfre pure binary template
# source_module=highfre_pure_peters
# source_component=pure_binary_template
# source_transition_family=none
# source_frequency_frame=observer
# source_redshift=0.0000000000000000e+00
# source_luminosity_distance_m=3.0856775814913671e+19
# rate_model=remnant_cloud_effective
# r0_gpc3_yr=1.0000000000000000e+00
# r_eff0_gpc3_yr=1.0000000000000000e+00
# rate_evolution=constant
# z_model=1.0000000000000000e+01
# f_ret=1.0000000000000000e+00
# f_2g=1.0000000000000000e+00
# f_cloud=1.0000000000000000e+00
# f_duty=1.0000000000000000e+00
# remnant_spin=6.9999999999999996e-01
# spin_model=GerosaBerti2017
# kerr_m_omega_h=2.0418368367551071e-01
# cloud_azimuthal_m=0
# superradiant_spin_threshold=nan
# nu_cut_hz=1.3085122500000000e+02
# characteristic_mass_msun=5.0500000000000000e-01
# hubble_h0_si=2.1953038906696129e-18
# rho_c_energy_density_si=7.7465150935130668e-10
# omega_gw_formula=f_over_rho_c_H0_integral_R_eff_dE_dnu_over_1plusz_Ez
# single_event_spectrum_frame=local_source_z0
# energy_spectrum_prefactor=two_pi_squared_c_cubed_over_G
# source_angle_average_factor=8.0000000000000004e-01
# single_event_fourier_convention=h_tilde_integral_h_exp_minus_2pi_i_f_t_dt
# columns=frequency_hz omega_gw
7.260477239435371259e-04 3.301097993718979274e-43
7.438713956314961040e-04 3.880726097507658424e-42
7.621326188218751447e-04 7.904317020356372583e-42
7.808421349219799631e-04 1.244827477801699124e-41
8.000109490288288090e-04 1.756421721119444101e-41
8.196503364024489754e-04 2.330834108415858340e-41
8.397718490980779884e-04 3.069351682016538027e-41
8.603873227611825818e-04 3.794250054507968316e-41
8.815088835892830434e-04 4.602343234192518692e-41
9.031489554646911916e-04 5.501519061521637041e-41
9.253202672623404975e-04 6.500348503315744376e-41
9.480358603370206590e-04 7.608141720573151416e-41
9.713090961944102460e-04 8.971842831001656621e-41
9.951536643504337466e-04 1.033732727561707438e-40
1.019583590383547726e-03 1.184530540320924696e-40
1.044613244184708703e-03 1.350873195334158738e-40
1.070257348409860230e-03 1.534165694267261672e-40
1.096530987139931286e-03 1.735931410208443671e-40
1.123449614753417982e-03 1.977487620446343519e-40
1.151029065016782567e-03 2.222521695048967387e-40
1.179285560398004879e-03 2.491484999498920824e-40
1.208235721608784223e-03 2.786482158757692384e-40
1.237896577380978580e-03 3.109792131377676402e-40
1.268285574483052564e-03 3.463882076827416071e-40
1.299420587982410939e-03 3.879669724629231848e-40
1.331319931759672318e-03 4.305312644835579097e-40
1.364002369281046290e-03 4.770530627014547906e-40
1.397487124635165678e-03 5.278711560147947461e-40
1.431793893840855062e-03 5.833518968791600640e-40
1.466942856432504935e-03 6.438733948830156636e-40
1.502954687329840101e-03 7.137574373478247692e-40
1.539850568999086072e-03 7.855390062287752411e-40
1.577652203912677676e-03 8.634884478691402741e-40
1.616381827314831944e-03 9.480942315421131785e-40
1.656062220300518525e-03 1.039881420070726447e-39
1.696716723215489038e-03 1.139412880007077595e-39
1.738369249385262249e-03 1.253105774926139212e-39
1.781044299181157135e-03 1.370353413924435302e-39
1.824766974431613108e-03 1.497327266827652237e-39
1.869562993187301242e-03 1.634780607229533723e-39
1.915458704848703149e-03 1.783522007248099832e-39
1.962481105665046018e-03 1.944417756301251179e-39
2.010657854613737312e-03 2.126708822662794194e-39
2.060017289669604634e-03 2.315291936424189534e-39
2.110588444473537450e-03 2.519067214224082026e-39
2.162401065410314745e-03 2.739187458648840243e-39
2.215485629105694732e-03 2.976676121142064995e-39
2.269873360353016900e-03 3.232190366044815618e-39
2.325596250479898628e-03 3.518796851563089059e-39
2.382687076165794678e-03 3.814874729250995716e-39
2.441179418721536529e-03 4.133025164522767589e-39
2.501107683842135072e-03 4.474781201311022291e-39
2.562507121844505732e-03 4.841773408385710768e-39
2.625413848402011023e-03 5.235736607752650951e-39
2.689864865787994393e-03 5.675322900647725300e-39
2.755898084640849566e-03 6.129902510409203353e-39
2.823552346263375618e-03 6.617427419613216836e-39
2.892867445469552226e-03 7.140132429990720157e-39
2.963884153992205235e-03 7.699654690324110692e-39
3.036644244465278985e-03 8.297050004392283480e-39
3.111190514994857312e-03 8.958325035733139009e-39
3.187566814333377390e-03 9.640023317928745956e-39
3.265818067671828404e-03 1.036716071522480584e-38
3.345990303065151175e-03 1.114252708059272130e-38
3.428130678506322460e-03 1.196909738054940371e-38
3.512287509665080760e-03 1.284999817846281611e-38
3.598510298307632579e-03 1.382155296817454443e-38
3.686849761414003317e-03 1.482234069927459909e-38
3.777357861010199620e-03 1.588459352166333316e-38
3.870087834732719497e-03 1.701156835076774220e-38
3.965094227143371557e-03 1.820696708844301501e-38
4.062432921812870329e-03 1.947466221866544745e-38
4.162161174192025546e-03 2.086414441763244662e-38
4.264337645289864066e-03 2.229124803996275818e-38
4.369022436178570876e-03 2.380353865627690968e-38
4.476277123345429217e-03 2.540290727956189002e-38
4.586164794912642867e-03 2.709228565530216662e-38
4.698750087746312622e-03 2.887655379748306856e-38
4.814099225476371584e-03 3.082229023068172994e-38
4.932280057449919645e-03 3.281504614282827678e-38
5.053362098640775714e-03 3.491894767257030729e-38
5.177416570538754918e-03 3.713837841780748537e-38
5.304516443042812945e-03 3.947611849991847730e-38
5.434736477382494553e-03 4.193838756351133359e-38
5.568153270093180625e-03 4.461324300063614799e-38
5.704845298070805072e-03 4.734858943247546675e-38
5.844892964732615812e-03 5.022923713275768698e-38
5.988378647311185486e-03 5.325969747957774895e-38
6.135386745309381537e-03 5.644677906950813241e-38
6.286003730144876928e-03 5.979878214091314406e-38
6.440318196013383907e-03 6.342965055689313412e-38
6.598420912000492293e-03 6.714172949908516699e-38
6.760404875472851571e-03 7.104298805474295878e-38
6.926365366780005972e-03 7.514269257861229646e-38
7.096400005299080722e-03 7.945096261004214387e-38
7.270608806855378969e-03 8.397812925215791332e-38
7.449094242552510917e-03 8.886693220559922643e-38
7.631961299046785205e-03 9.386644151034729545e-38
7.819317540301256100e-03 9.911653232494484844e-38
8.011273170855738590e-03 1.045546650018942362e-37
8.207941100650104418e-03 1.095528152080470459e-37
8.409437011438850376e-03 1.147522344908763119e-37
8.615879424836053388e-03 1.201591866008353376e-37
8.827389772030900736e-03 1.257796300069604821e-37
9.044092465214415705e-03 1.316191015670919332e-37
9.266114970759879374e-03 1.376832397031278908e-37
9.493587884199598467e-03 1.439772668613114585e-37
9.726645007042280730e-03 1.505060219700465506e-37
9.965423425476285443e-03 1.572740774913878840e-37
1.021006359100485629e-02 1.642856995690009324e-37
1.046070940306087840e-02 1.715446867973880713e-37
1.071750829364979257e-02 1.790543093786208529e-37
1.098061131407031786e-02 1.868170203992449332e-37
1.125017322376415177e-02 1.948347941859586453e-37
1.152635258134675732e-02 2.031089283171678020e-37
1.180931183787293712e-02 2.116400450571185525e-37
1.209921743239187816e-02 2.204279053940468660e-37
1.239623988984807357e-02 2.294713351969614108e-37
1.270055392138550419e-02 2.387676351357896709e-37
1.301233852711426546e-02 2.483132166832617707e-37
1.333177710139991576e-02 2.581030241637917687e-37
1.365905754073765480e-02 2.681307643846071869e-37
1.399437235427459722e-02 2.783886175811453766e-37
1.433791877704534631e-02 2.888670476170109793e-37
1.468989888598726604e-02 2.995541313468042479e-37
1.505051971880392268e-02 3.104364750955736230e-37
1.541999339574637133e-02 3.214982583860423738e-37
1.579853724438414972e-02 3.327215329751899778e-37
1.618637392743915021e-02 3.440922533308914319e-37
1.658373157375779908e-02 3.556225318857808173e-37
1.699084391249834625e-02 3.672975375693893077e-37
1.740795041061234463e-02 3.790957360346354247e-37
1.783529641370119878e-02 3.909931680838975701e-37
1.827313329033048925e-02 4.029638480082967091e-37
1.872171857988715743e-02 4.149780489107939766e-37
1.918131614406631477e-02 4.270029273048187917e-37
1.965219632207701114e-02 4.390007896969887086e-37
2.013463608965798679e-02 4.509309718646613272e-37
2.062891922199724601e-02 4.627492611529022333e-37
2.113533646065096638e-02 4.744086131345515796e-37
2.165418568456024470e-02 4.858563472383067126e-37
2.218577208526593264e-02 4.970349524462852404e-37
2.273040834642502117e-02 5.078798623889689818e-37
2.328841482773371871e-02 5.183224978103337332e-37
2.386011975336586877e-02 5.282896898698479028e-37
2.444585940503710142e-02 5.377694070751929902e-37
2.504597831980871422e-02 5.468108108332966524e-37
2.566082949274721067e-02 5.553526008750511407e-37
2.629077458455910885e-02 5.633255740617660145e-37
2.693618413432275621e-02 5.706587819212978530e-37
2.759743777744267518e-02 5.772771515060651898e-37
2.827492446895424685e-02 5.830974992951313829e-37
2.896904271231049571e-02 5.880298227209419586e-37
2.968020079378509354e-02 5.919840813585187958e-37
3.040881702262995812e-02 5.948631061725057471e-37
3.115531997712819856e-02 5.965599360218400101e-37
3.192014875668765239e-02 5.969619901198354051e-37
3.270375324012276402e-02 5.961716243944008247e-37
3.350659435027728006e-02 5.943491479595275134e-37
3.432914432514284908e-02 5.914160860533819710e-37
3.517188699563361665e-02 5.872912659412604543e-37
3.603531807017951172e-02 5.819012117419165449e-37
3.691994542630631926e-02 5.751636336763087858e-37
3.782628940937352024e-02 5.669865967035303888e-37
3.875488313864582091e-02 5.572893007033157615e-37
3.970627282087857424e-02 5.459804380374502975e-37
4.068101807160110633e-02 5.331802429687608645e-37
4.167969224428751118e-02 5.193589066465784333e-37
4.270288276760788454e-02 5.045025634471939353e-37
4.375119149095903909e-02 4.885589172462300157e-37
4.482523503847730267e-02 4.714993594060677096e-37
4.592564517174227423e-02 4.532741267034429503e-37
4.705306916138415896e-02 4.338369419925074011e-37
4.820817016781411141e-02 4.131888132872196327e-37
4.939162763130063027e-02 3.919850810293578262e-37
5.060413767162231374e-02 3.706079041019952234e-37
5.184641349753126710e-02 3.490513777679285625e-37
5.311918582626877494e-02 3.279387874057037306e-37
5.442320331337920786e-02 3.089223323556314495e-37
5.575923299307581488e-02 2.965086424108755463e-37
5.712806072941657709e-02 3.102183618768424010e-37
5.853049167855637475e-02 4.031941958993360999e-37
5.996735076234648715e-02 7.417838851580673224e-37
6.143948315356087542e-02 1.821107201206215778e-36
6.294775477303381217e-02 4.911635888910871756e-36
6.449305279900212351e-02 1.311490386096569136e-35
6.607628618895075578e-02 3.283840955260523924e-35
6.769838621426960135e-02 7.493303437453526797e-35
6.936030700803498539e-02 1.539699608729074610e-34
7.106302612623915937e-02 2.820119979545545709e-34
7.280754512279680180e-02 4.579499162373640306e-34
7.459489013866783813e-02 6.616629112914886436e-34
7.642611250544215085e-02 8.609246044118866670e-34
7.830228936374190873e-02 1.029499306072026949e-33
8.022452429680455854e-02 1.160554635649430227e-33
8.219394797962040200e-02 1.264030991271364177e-33
8.421171884400487084e-02 1.354329236018632666e-33
8.627902375999831064e-02 1.442265701263204141e-33
8.839707873399257898e-02 1.533165099401842609e-33
9.056712962399697531e-02 1.629151212171873954e-33
9.279045287246223683e-02 1.730966372088324028e-33
9.506835625709496307e-02 1.838827355289983272e-33
9.740217966010332462e-02 1.953176486250124331e-33
9.979329585632776278e-02 2.074869322923716770e-33
1.022431113207184494e-01 2.204302969792684683e-33
1.047530670556361260e-01 2.341931189447063640e-33
1.073246394384614888e-01 2.488082412622688543e-33
1.099593410900136375e-01 2.642879901210234038e-33
1.126587217642861100e-01 2.807031059440861051e-33
1.154243692600256666e-01 2.981697740774223995e-33
1.182579103546885224e-01 3.167430711268170776e-33
1.211610117613254878e-01 3.364867503077798143e-33
1.241353811089563469e-01 3.574495836464807119e-33
1.271827679470119987e-01 3.796397546919004219e-33
1.303049647744339290e-01 4.031739307183843885e-33
1.335038080940380567e-01 4.282095261914953423e-33
1.367811794927609736e-01 4.548223323722183850e-33
1.401390067484255819e-01 4.831006653032902351e-33
1.435792649636759843e-01 5.131149270417846773e-33
1.471039777277504956e-01 5.448693057915715196e-33
1.507152183067735907e-01 5.785439752288178999e-33
1.544151108632689784e-01 6.143531904526140715e-33
1.582058317056095620e-01 6.523997429338460749e-33
1.620896105681414179e-01 6.928044035265402861e-33
1.660687319227320824e-01 7.356646175576268829e-33
1.701455363225164719e-01 7.809816862003598844e-33
1.743224217786303876e-01 8.290225376404782111e-33
1.786018451707404309e-01 8.800769351247806874e-33
1.829863236922026348e-01 9.342845607973958858e-33
1.874784363306964130e-01 9.918034921102313690e-33
1.920808253852074876e-01 1.052766981916840189e-32
1.967961980202498073e-01 1.117167502946055484e-32
2.016273278582441375e-01 1.185393992155182833e-32
2.065770566109856043e-01 1.257831738061157305e-32
2.116482957511631458e-01 1.334667397513256883e-32
2.168440282249118611e-01 1.416097267891160960e-32
2.221673102064085914e-01 1.502298503194049478e-32
2.276212728955387954e-01 1.593239730256573858e-32
2.332091243596955688e-01 1.689478731226549121e-32
2.389341514207911632e-01 1.791515257736440273e-32
2.447997215885952260e-01 1.899579062219690244e-32
2.508092850415318265e-01 2.013922127327565690e-32
2.569663766561043339e-01 2.134743892532874266e-32
2.632746180861387231e-01 2.261960789990170209e-32
2.697377198930732134e-01 2.396367765232226910e-32
2.763594837285406891e-01 2.538579077628678137e-32
2.831438045705334527e-01 2.688854768471179831e-32
2.900946730144613461e-01 2.847502333978173415e-32
2.972161776204556571e-01 3.014704553964326121e-32
3.045125073182939346e-01 3.190263654560021028e-32
3.119879538713648537e-01 3.375308161208839125e-32
3.196469144011189201e-01 3.570523334189137011e-32
3.274938939734944321e-01 3.776172886256054308e-32
3.355335082488347664e-01 3.992592358993617971e-32
3.437704861968596259e-01 4.219861556743361688e-32
3.522096728782841413e-01 4.457602929540975795e-32
3.608560322947267918e-01 4.707333255207139319e-32
3.697146503085764202e-01 4.969762426717344218e-32
3.787907376345400201e-01 5.246576642056430675e-32
3.880896329046299997e-01 5.826552707932319549e-32
3.976168058083915935e-01 7.488759705626333937e-32
4.073778603102232720e-01 8.069228169828223361e-32
4.173785379456748657e-01 8.517340688519887789e-32
4.276247211986684005e-01 8.987783169222812387e-32
4.381224369616239511e-01 9.481707765272279357e-32
4.488778600805314878e-01 1.000017406130096289e-31
4.598973169870463340e-01 9.585655284642259903e-26
4.711872894197512429e-01 4.250696280828581927e-24
4.827544182367682901e-01 4.524235022725334817e-24
4.946055073219713938e-01 4.842881511937009665e-24
5.067475275870866325e-01 5.106429953123074104e-24
5.191876210720433038e-01 5.468279327482208521e-24
5.319331051459802451e-01 5.763457924265549261e-24
5.449914768113885977e-01 6.174346398162647268e-24
5.583704171139100003e-01 6.504903403343570571e-24
5.720777956603944059e-01 6.971379323577495160e-24
5.861216752478678460e-01 7.341566673166714635e-24
6.005103166061416253e-01 7.870973722798868319e-24
6.152521832568420557e-01 8.285614917972678692e-24
6.303559464917271038e-01 8.886455548237288857e-24
6.458304904732119489e-01 9.350750141850793209e-24
6.616849174601123762e-01 1.003185421172061586e-23
6.779285531616692229e-01 1.055239666004469957e-23
6.945709522230107957e-01 1.132417586142892101e-23
7.116219038452746837e-01 1.190790947563949477e-23
7.290914375437025363e-01 1.278139137358544188e-23
7.469898290470847746e-01 1.343680544188474945e-23
7.653276063420327846e-01 1.442119879390731150e-23
7.841155558656273117e-01 1.516101881297737782e-23
8.033647288500981309e-01 1.626433137101369413e-23
8.230864478232490233e-01 1.710518281941106586e-23
8.432923132684672085e-01 1.834152124007495179e-23
8.639942104482263296e-01 1.929693871576075414e-23
8.852043163950967797e-01 2.068201077309975498e-23
9.069351070743846277e-01 2.176727269707251397e-23
9.291993647225980091e-01 2.453322318048517137e-23
9.520101853660689617e-01 2.779800944824319780e-23
9.753809865241446220e-01 2.973774204898092054e-23
9.993255151014918125e-01 3.134807683099765531e-23
1.023857855474140210e+00 3.351759893717499877e-23
1.048992437774034281e+00 3.534968560639321185e-23
1.074744046376955975e+00 3.778974728637779073e-23
1.101127828598827074e+00 3.987032054519007976e-23
1.128159303605485109e+00 4.259436264594863289e-23
1.155854371541191750e+00 4.493904079902178891e-23
1.184229322881228619e+00 4.798264080230808230e-23
1.213300848014100763e+00 5.064699179831748670e-23
1.243086047058960419e+00 5.406550706529610470e-23
1.273602439924046426e+00 5.708542016405402820e-23
1.304867976612038349e+00 6.089455345274715620e-23
1.336901047778408458e+00 6.429207823113844301e-23
1.369720495548957251e+00 6.854090969846507984e-23
1.403345624602915676e+00 1.060605164663995751e-22
1.437796213528115929e+00 1.096417421300495086e-22
1.473092526454934825e+00 1.160104766128625834e-22
1.509255324975822043e+00 1.268352017661837939e-22
1.546305880357448759e+00 1.382541128678530868e-22
1.584265986052642683e+00 1.468237392243353662e-22
1.623157970519491400e+00 1.514056264670489302e-22
1.663004710355126647e+00 1.561520256091736516e-22
1.703829643751936684e+00 1.657847086600776872e-22
1.745656784284104202e+00 1.810049537806881006e-22
1.788510735032605936e+00 1.974253189055822603e-22
1.832416703056948037e+00 2.087120613935513628e-22
1.877400514222175687e+00 3.283934415572375341e-22
1.923488628389868005e+00 3.330600439956924563e-22
1.970708154982047766e+00 3.191412803052948553e-22
2.019086868927186362e+00 3.189459512504163725e-22
2.068653226997645866e+00 3.574311759374997940e-22
2.119436384548198049e+00 4.195556632924337317e-22
2.171466212665446704e+00 4.675756237801289282e-22
2.224773315738266977e+00 4.711537989282976843e-22
2.279389049459559669e+00 4.501156190752988399e-22
2.335345539269942261e+00 6.588266443530374256e-22
2.392675699254196875e+00 7.293575263786256627e-22
2.451413251501631585e+00 7.348838509914965721e-22
2.511592745941690019e+00 7.226026651401384104e-22
2.573249580666520320e+00 7.312903015569761300e-22
2.636420022752425041e+00 8.085379328172125337e-22
2.701141229592479931e+00 9.382506003243876992e-22
2.767451270752818715e+00 1.031212395918413170e-21
2.835389150365483335e+00 1.072280487690294640e-21
2.904994830070975365e+00 1.051561592328170808e-21
2.976309252524051097e+00 1.196288064984176969e-21
3.049374365476527959e+00 1.516128841212655664e-21
3.124233146451318444e+00 1.725280376771217527e-21
3.200929628022160411e+00 1.647109243054315193e-21
3.279508923713974511e+00 1.512673123734638056e-21
3.360017254539009013e+00 1.605094441089425103e-21
3.442501976184442647e+00 2.108888238817721897e-21
3.527011606867388238e+00 2.615172354622124633e-21
3.613595855873743989e+00 2.617150897951622075e-21
3.702305652797605262e+00 2.316264506053163380e-21
3.793193177498489721e+00 2.453427403366043978e-21
3.886311890793980428e+00 2.327501649977947922e-21
3.981716565905819127e+00 3.012070130204371256e-21
4.079463320678005545e+00 3.712493220393059163e-21
4.179609650585776492e+00 3.909447155779853909e-21
4.282214462554944312e+00 4.173103160981254453e-21
4.387338109611436110e+00 3.925288508990375834e-21
4.495042426381480993e+00 3.429999942895242438e-21
4.605390765463252656e+00 4.270789082020691160e-21
4.718448034691414605e+00 5.618606652435448785e-21
4.834280735316442978e+00 5.539266574956714436e-21
4.952957001121260028e+00 5.846961834136959964e-21
5.074546638498084405e+00 5.333794040857469598e-21
5.199121167509159314e+00 3.894513420071469078e-21
5.326753863955444146e+00 5.627508638914750772e-21
5.457519802478092430e+00 6.921032413015086853e-21
5.591495900717977641e+00 7.205560953275377588e-21
5.728760964559318047e+00 7.421900331990158409e-21
5.869395734483948246e+00 6.318315003895859313e-21
6.013482933063589719e+00 5.928958640180942212e-21
6.161107313617953274e+00 8.918225864039144738e-21
6.312355710067376613e+00 9.921332168258656711e-21
6.467317088009254533e+00 1.026747860137354019e-20
6.626082597048393197e+00 1.051209921129219557e-20
6.788745624411968826e+00 8.989467324557103094e-21
6.955401849880698428e+00 8.947682983127066625e-21
7.126149302068479408e+00 1.284908427615781580e-20
7.301088416083696409e+00 1.405269113402846415e-20
7.480322092605987905e+00 1.474776492138993899e-20
7.663955758413275809e+00 1.503877042313889152e-20
7.852097428394779755e+00 1.252320545422286209e-20
8.044857769086176447e+00 1.281112174108266896e-20
8.242350163764733395e+00 1.847336150728090957e-20
8.444690779142199233e+00 2.025926762501533626e-20
8.651998633695109575e+00 2.098791725062153435e-20
8.864395667672521739e+00 2.100214701117450769e-20
9.082006814822202401e+00 1.731915468226590020e-20
9.304960075877778181e+00 1.837728871592847425e-20
9.533386593849916935e+00 2.621678935886130347e-20
9.767420731165630698e+00 2.840311874032100961e-20
1.000720014870156049e+01 2.945241542904330693e-20
1.025286588675713340e+01 2.862368024549403734e-20
1.050456244801574002e+01 2.307048719345413757e-20
1.076243788254249800e+01 2.531319030905688616e-20
1.102664387486844610e+01 3.618240297477042649e-20
1.129733583321273649e+01 3.866960441455852854e-20
1.157467298089514784e+01 4.014499348675534132e-20
1.185881844999243739e+01 3.907297561329860589e-20
1.214993937729421170e+01 4.458753680883632505e-20
1.244820700261404234e+01 4.605464109787138600e-20
1.275379676951425445e+01 4.395687491617054541e-20
1.306688842850341281e+01 3.754691084457110136e-20
1.338766614276694078e+01 5.331458089758348431e-20
1.371631859649356322e+01 3.191454735109857900e-20
1.405303910586103022e+01 7.167707329258833391e-20
1.439802573274615760e+01 6.795880231559049082e-20
1.475148140122673368e+01 5.256773722876099118e-20
1.511361401694299289e+01 5.257661422546909641e-20
1.548463658938957366e+01 7.346399046476249080e-20
1.586476735720961351e+01 6.494798719714977861e-20
1.625422991656439464e+01 6.841497429775911448e-20
1.665325335265461604e+01 7.047536218031104707e-20
1.706207237447033975e+01 6.764029497802133397e-20
1.748092745284861849e+01 1.040617497040834570e-19
1.791006496192074593e+01 6.607260295571560933e-20
1.834973732403138413e+01 8.225858032628655148e-20
1.880020315821564481e+01 1.017025549111254419e-19
1.926172743232112694e+01 8.707704041087187064e-20
1.973458161886400930e+01 1.281660803577731156e-19
2.021904385471178855e+01 1.257096333827592500e-19
2.071539910468550616e+01 9.070623405734814449e-20
2.122393932917858805e+01 8.472847520734476475e-20
2.174496365589057945e+01 1.122073825580001664e-19
2.227877855577635202e+01 9.598267961435075195e-20
2.282569802331504860e+01 1.164922530157956157e-19
2.338604376120447270e+01 1.074111343755794669e-19
2.396014536958903207e+01 1.207686970531285664e-19
2.454834053993372578e+01 1.473499811456148130e-19
2.515097525365681008e+01 1.139551505946727713e-19
2.576840398563917489e+01 7.582038933101498884e-20
2.640098991272964213e+01 1.154356100316499559e-19
2.704910512736837802e+01 1.138703139134677698e-19
2.771313085645498830e+01 1.135940273127195014e-19
2.839345768558961680e+01 1.274699103689697147e-19
2.909048578881832725e+01 1.703408553572158122e-19
2.980462516401934181e+01 1.042050236540063835e-19
3.053629587406690504e+01 1.656362334646071513e-19
3.128592829391600105e+01 1.255631044415796060e-19
3.205396336375277855e+01 1.263701754512874365e-19
3.284085284835896346e+01 1.677702292773297210e-19
3.364705960284390329e+01 1.084175965819971250e-19
3.447305784490015412e+01 1.449086206851689634e-19
3.531933343374185341e+01 1.060771941740439965e-19
3.618638415589183666e+01 1.177342866392554015e-19
3.707472001798340955e+01 1.300432236263412024e-19
3.798486354675080889e+01 1.181949877847166332e-19
3.891735009638413345e+01 1.591761141839205857e-19
3.987272816342869675e+01 1.667482250291660938e-19
4.085155970941600145e+01 1.253741865713331045e-19
4.185442049141376941e+01 1.070970459118574107e-19
4.288190040069136444e+01 1.093612176047603304e-19
4.393460380969916201e+01 1.420283211225489517e-19
4.501314992756505262e+01 1.247611243645618141e-19
4.611817316431876890e+01 8.423527427013793835e-20
4.725032350405761861e+01 8.302922196814188356e-20
4.841026688727196614e+01 1.030275332733826914e-19
4.959868560255788594e+01 8.121018577458698509e-20
5.081627868794448233e+01 1.032451819475061010e-19
5.206376234207429121e+01 9.262624500428312906e-20
5.334187034547773720e+01 8.731080729678960567e-20
5.465135449218852415e+01 1.092536284304559963e-19
5.599298503195555554e+01 9.185639372401991770e-20
5.736755112331077555e+01 6.376690068936130967e-20
5.877586129775816204e+01 7.907761638185298957e-20
6.021874393535978243e+01 7.331158844983028405e-20
6.169704775199517144e+01 6.113948822154167558e-20
6.321164229858362660e+01 5.437904865251874383e-20
6.476341847256186668e+01 6.633242197655387562e-20
6.635328904191669608e+01 5.255442910068315437e-20
6.798218918208335992e+01 4.557321643877696018e-20
6.965107702602412587e+01 4.387827800482050720e-20
7.136093422780922424e+01 4.888782319081011199e-20
7.311276654003540898e+01 3.385026801460315868e-20
7.490760440541708931e+01 3.792411804809631156e-20
7.674650356290199227e+01 2.958172164871672081e-20
7.863054566866635753e+01 2.702410610096680229e-20
8.056083893235327764e+01 2.795242778136350021e-20
8.253851876893163819e+01 1.993475784720563619e-20
8.456474846655734723e+01 2.078198861729853295e-20
8.664071987082814985e+01 2.020101127712640569e-20
8.876765408583882788e+01 1.488954479916421257e-20
9.094680219244374086e+01 1.507576131219409929e-20
9.317944598415385826e+01 1.088732719854652931e-20
9.546689872109914177e+01 1.126711865409690813e-20
9.781050590249809318e+01 7.812929416069419819e-21
1.002116460580933648e+02 8.106702353987787208e-21
1.026717315590133950e+02 5.609740529009169428e-21
1.051922094485416892e+02 5.804000147808513586e-21
1.077745622932807379e+02 3.980689274356831315e-21
1.104203090552090174e+02 4.086815087673943376e-21
1.131310059851479934e+02 2.766202796631303659e-21
1.159082475381628967e+02 2.791898891433804962e-21
1.187536673114331620e+02 1.700822369940601518e-21
1.216689390051500652e+02 1.763908998069721913e-21
1.246557774069998743e+02 8.478599726439970138e-22
1.277159394008171631e+02 8.784696145101832253e-22
1.308512249999999710e+02 2.022635778459499682e-46
