# label=highfre644 transition radiation
# source_module=highfre644
# source_component=axion_transition
# source_transition_family=bohr
# source_frequency_frame=observer
# source_redshift=0.0000000000000000e+00
# source_luminosity_distance_m=3.0856775814913671e+19
# rate_model=remnant_cloud_effective
# r0_gpc3_yr=1.0000000000000000e+00
# r_eff0_gpc3_yr=1.0000000000000000e+00
# rate_evolution=constant
# z_model=1.0000000000000000e+01
# f_ret=1.0000000000000000e+00
# f_2g=1.0000000000000000e+00
# f_cloud=1.0000000000000000e+00
# f_duty=1.0000000000000000e+00
# remnant_spin=6.9999999999999996e-01
# spin_model=GerosaBerti2017
# kerr_m_omega_h=2.0418368367551071e-01
# cloud_azimuthal_m=4
# superradiant_spin_threshold=2.9339853300733498e-01
# p_superradiant=1.0000000000000000e+00
# nu_cut_hz=3.3296078099283386e+02
# characteristic_mass_msun=5.0500000000000000e-01
# hubble_h0_si=2.1953038906696129e-18
# rho_c_energy_density_si=7.7465150935130668e-10
# omega_gw_formula=f_over_rho_c_H0_integral_R_eff_dE_dnu_over_1plusz_Ez
# single_event_spectrum_frame=local_source_z0
# energy_spectrum_prefactor=two_pi_squared_c_cubed_over_G
# source_angle_average_factor=5.3333333333333333e-01
# single_event_fourier_convention=h_tilde_integral_h_exp_minus_2pi_i_f_t_dt
# columns=frequency_hz omega_gw
8.744774342300639302e-04 0.000000000000000000e+00
8.972888339050155617e-04 3.956308172234316475e-40
9.206952860476020749e-04 8.092172951253143681e-40
9.447123130476954090e-04 1.361311106820942448e-39
9.693558422083444924e-04 1.900345315502414881e-39
9.946422163082467138e-04 2.602061441765514364e-39
1.020588204439733379e-03 3.294489780128064846e-39
1.047211013129489832e-03 4.177894568568326562e-39
1.074528297749348989e-03 5.057170657818847729e-39
1.102558174224763316e-03 6.160526596072986065e-39
1.131319231048681477e-03 7.266626207191441046e-39
1.160830541608835970e-03 8.635520055185634927e-39
1.191111676836577142e-03 1.001613503996124274e-38
1.222182718185681541e-03 1.170480320553609919e-38
1.254064270949702391e-03 1.341674494123444042e-38
1.286777477926732711e-03 1.548962946638687798e-38
1.320344033440604874e-03 1.760047735459085692e-38
1.354786197727862480e-03 2.013405133589112910e-38
1.390126811700008198e-03 2.272408772169489356e-38
1.426389312090855892e-03 2.580899529702346183e-38
1.463597746998991167e-03 2.897347491285724909e-38
1.501776791835692090e-03 3.271703823053611570e-38
1.540951765688838545e-03 3.656884805182556675e-38
1.581148648113711672e-03 4.109800203560000046e-38
1.622394096361768918e-03 4.577077641197430086e-38
1.664715463058869666e-03 5.123550180042108693e-38
1.708140814344625072e-03 5.688726806274214697e-38
1.752698948484952704e-03 6.346443529287085075e-38
1.798419414970126072e-03 7.026798903884816473e-38
1.845332534111040861e-03 7.812514390900184436e-38
1.893469417146632179e-03 8.625409309775721618e-38
1.942861986875842701e-03 9.560623175533040777e-38
1.993542998827757540e-03 1.052951191224251769e-37
2.045546062984010885e-03 1.164032189163247220e-37
2.098905666067804512e-03 1.279256600109436275e-37
2.153657194414385859e-03 1.410937484982425144e-37
2.209836957438087758e-03 1.547686333527801933e-37
2.267482211711552720e-03 1.703505580292396895e-37
2.326631185673052899e-03 1.865491871185503257e-37
2.387323104978350454e-03 2.049563929124077548e-37
2.449598218513845786e-03 2.241106777685573147e-37
2.513497825088333981e-03 2.448976063897839228e-37
2.579064300820999890e-03 2.684330047143890938e-37
2.646341127243886839e-03 2.929487810223496993e-37
2.715372920137399185e-03 3.205630832219007997e-37
2.786205459118043862e-03 3.492440411663524475e-37
2.858885717997943030e-03 3.814582662142051424e-37
2.933461895936349470e-03 4.149281925441902409e-37
3.009983449403717728e-03 4.524497233154495246e-37
3.088501124979636456e-03 4.914460182584765136e-37
3.169066993006266521e-03 5.350840686278525461e-37
3.251734482119707052e-03 5.804503723142410253e-37
3.336558414682084563e-03 6.311294770938850873e-37
3.423595043137967787e-03 6.838297580995340812e-37
3.512902087319115085e-03 7.426013891101953321e-37
3.604538772722395631e-03 8.035764635800974908e-37
3.698565869786165847e-03 8.712252441110383238e-37
3.795045734191255897e-03 9.413160107798513646e-37
3.894042348213176945e-03 1.018975231125845279e-36
3.995621363153096552e-03 1.099433429578721783e-36
4.099850142875590200e-03 1.188464211743101426e-36
4.206797808482177006e-03 1.280698899692596093e-36
4.316535284150127723e-03 1.382630691657625283e-36
4.429135344167085299e-03 1.488174732624811632e-36
4.544672661192540424e-03 1.604313475560140441e-36
4.663223855778328604e-03 1.724180997405360183e-36
4.784867547180820559e-03 1.855901681026840384e-36
4.909684405498665992e-03 1.991835295368599915e-36
5.037757205170519809e-03 2.141070345603870374e-36
5.169170879868360303e-03 2.295060929007568249e-36
5.304012578822677598e-03 2.463905063718409992e-36
5.442371724617014496e-03 2.637670121911344920e-36
5.584340072490046221e-03 2.827536110589247017e-36
5.730011771184681350e-03 3.022849528317436383e-36
5.879483425384368807e-03 3.236129108299572806e-36
6.032854159778198305e-03 3.455540864915043614e-36
6.190225684797086812e-03 3.694901146149027023e-36
6.351702364064842378e-03 3.940683134700885451e-36
6.517391283608640895e-03 4.208121153477265305e-36
6.687402322875012593e-03 4.482736114615470935e-36
6.861848227598223507e-03 4.781414566772641846e-36
7.040844684569600755e-03 5.088183768930005435e-36
7.224510398357150177e-03 5.411804249105314594e-36
7.412967170026586033e-03 5.762984119661633649e-36
7.606339977915734657e-03 6.123394767607162362e-36
7.804757060516118866e-03 6.514325014815526768e-36
8.008350001516454514e-03 6.915627682205426812e-36
8.217253817064690963e-03 7.350261610246891246e-36
8.431607045306212592e-03 7.796379958880262901e-36
8.651551838257859339e-03 8.279263727229490184e-36
8.877234056078407015e-03 8.775113354183613843e-36
9.108803363798259264e-03 9.311150737521226763e-36
9.346413330572397177e-03 9.861640971516550756e-36
9.590221531522372458e-03 1.045621732342478076e-35
9.840389652234941137e-03 1.099606680016298669e-35
1.009708359598664000e-02 1.155125165459727893e-35
1.036047359376541382e-02 1.213003316243161331e-35
1.063073431716217605e-02 1.273309293899914728e-35
1.090804499420728116e-02 1.336113579026696663e-35
1.119258952822867019e-02 1.401479890015869457e-35
1.148455661981050493e-02 1.469476425304380830e-35
1.178413989193320341e-02 1.540156917097015532e-35
1.209153801837782941e-02 1.613580314518229331e-35
1.240695485548001797e-02 1.689792106331982573e-35
1.273059957732080270e-02 1.768838474866544498e-35
1.306268681444398318e-02 1.850752275226816595e-35
1.340343679619205620e-02 1.935565037448219381e-35
1.375307549675507807e-02 2.023293654173849993e-35
1.411183478502931431e-02 2.113950156840539284e-35
1.447995257838508021e-02 2.207532820522200010e-35
1.485767300044571818e-02 2.304028076100215509e-35
1.524524654298235922e-02 2.403412187391143256e-35
1.564293023203184446e-02 2.505639030305461896e-35
1.605098779834792863e-02 2.610657449824735396e-35
1.646968985229887300e-02 2.718382825427173108e-35
1.689931406332732811e-02 2.828728549054510163e-35
1.734014534409158981e-02 2.941564962933788892e-35
1.779247603941031333e-02 3.056761210849481212e-35
1.825660612013598957e-02 3.174133766616246270e-35
1.873284338208575442e-02 3.293498622936661399e-35
1.922150365016146722e-02 3.414607803741822203e-35
1.972291098779439117e-02 3.537460888082329638e-35
2.023739791185342682e-02 3.662070403314057576e-35
2.076530561315936829e-02 3.788219651885827416e-35
2.130698418275144349e-02 3.915606975550692738e-35
2.186279284405617113e-02 4.043949189855544214e-35
2.243310019111256423e-02 4.172869950531014505e-35
2.301828443301155366e-02 4.302007136919569357e-35
2.361873364471184580e-02 4.430901354424105325e-35
2.423484602439847022e-02 4.559097106705947317e-35
2.486703015755474533e-02 4.686038704572025433e-35
2.551570528792272696e-02 4.811168771630818909e-35
2.618130159553189867e-02 4.933815969814806833e-35
2.686426048198041136e-02 5.053308737113373837e-35
2.756503486315813045e-02 5.168843467432776035e-35
2.828408946960556808e-02 5.279618955230309763e-35
2.902190115470790546e-02 5.384737795222680479e-35
2.977895921092848369e-02 5.484733273295776082e-35
3.055576569429148751e-02 5.579434540417143074e-35
3.135283575732900757e-02 5.668102046169261786e-35
3.217069799071326647e-02 5.749838392218352000e-35
3.300989477380057019e-02 5.823785789309927001e-35
3.387098263431950057e-02 5.888925094174443355e-35
3.475453261744178290e-02 5.944267870327648436e-35
3.566113066448071967e-02 5.988662491155508140e-35
3.659137800146815972e-02 6.020977792359898501e-35
3.754589153786790090e-02 6.039916386790706545e-35
3.852530427568972432e-02 6.044216018466560034e-35
3.953026572927557242e-02 6.035242438755849074e-35
4.056144235603607179e-02 6.014380053478427545e-35
4.161951799842321387e-02 5.980695466141956145e-35
4.270519433743218823e-02 5.933274361865818902e-35
4.381919135793316267e-02 5.871134260452150739e-35
4.496224782614158255e-02 5.793245723652499591e-35
4.613512177954366689e-02 5.698577498428415642e-35
4.733859102960191745e-02 5.585985154086640162e-35
4.857345367757415905e-02 5.455035504963751253e-35
4.984052864378805264e-02 5.311096994305682528e-35
5.114065621072214768e-02 5.155322350335279279e-35
5.247469858025360229e-02 4.987191194624442460e-35
5.384354044544212986e-02 4.806213772024829607e-35
5.524808957722938257e-02 4.611832535053711528e-35
5.668927742644279399e-02 4.403565600506664737e-35
5.816805974150315167e-02 4.181390668264526143e-35
5.968541720224556507e-02 3.953079065378059388e-35
6.124235607027407602e-02 3.721243281798981737e-35
6.283990885628130962e-02 3.485713787730304736e-35
6.447913500477563120e-02 3.246291805248052858e-35
6.616112159666989734e-02 3.002815491963134535e-35
6.788698407019785885e-02 2.755765728039906408e-35
6.965786696063608341e-02 2.513844836505889166e-35
7.147494465932212326e-02 2.279514023359776864e-35
7.333942219247235883e-02 2.052240163446654245e-35
7.525253602031567457e-02 1.831541015521516857e-35
7.721555485707329303e-02 1.617052655356828197e-35
7.922978051232835994e-02 1.415189118204302254e-35
8.129654875434327854e-02 1.229083650006373318e-35
8.341723019589730725e-02 1.058012275613148816e-35
8.559323120323193701e-02 9.017246089604272627e-36
8.782599482870674656e-02 7.605203721245659691e-36
9.011700176778436600e-02 6.372348497507216478e-36
9.246777134097880491e-02 5.282331717502719818e-36
9.487986250141940137e-02 4.314403268107363951e-36
9.735487486869660867e-02 3.466778247886598715e-36
9.989444978967791655e-02 2.766685136765376216e-36
1.025002714269943327e-01 2.194882743824987825e-36
1.051740678759225389e-01 1.728205142655778168e-36
1.079176123104000490e-01 1.356082339455727405e-36
1.107327241589367434e-01 1.077980884655447892e-36
1.136212703111991879e-01 8.715920984940204399e-37
1.165851663560713986e-01 7.217588815006921339e-37
1.196263778520095383e-01 6.234413086161429149e-37
1.227469216305366595e-01 5.645154775698180352e-37
1.259488671337380405e-01 5.328967747989228263e-37
1.292343377866482235e-01 5.248349175421662659e-37
1.326055124054357492e-01 5.326728725185429450e-37
1.360646266423233552e-01 5.520767204892736189e-37
1.396139744681980932e-01 5.796626355441908342e-37
1.432559096938984811e-01 6.137618383072315307e-37
1.469928475311834126e-01 6.518521042421325087e-37
1.508272661944223547e-01 6.943379577943943344e-37
1.547617085440644857e-01 7.395645227025092991e-37
1.587987837729814278e-01 7.886579576059803042e-37
1.629411691367969317e-01 8.403908709674124730e-37
1.671916117293561765e-01 8.962273338661155106e-37
1.715529303045066623e-01 9.550199961074715936e-37
1.760280171454046971e-01 1.018350481239742388e-36
1.806198399825809653e-01 1.085145314378121883e-36
1.853314439620434018e-01 1.156936444514006569e-36
1.901659536647165027e-01 1.232801716410225383e-36
1.951265751785621338e-01 1.314132757650851791e-36
2.002165982247502696e-01 1.400280201241464452e-36
2.054393983392955036e-01 1.492381054739955918e-36
2.107984391115999556e-01 1.590135810901612682e-36
2.162972744813936032e-01 1.694365157139348089e-36
2.219395510955886608e-01 1.805221807271157959e-36
2.277290107266177477e-01 1.923094369207528993e-36
2.336694927538524591e-01 2.048782949773774385e-36
2.397649367097556272e-01 2.181991232116992105e-36
2.460193848924477622e-01 2.324395642179752233e-36
2.524369850464283083e-01 2.474806081300220598e-36
2.590219931132216047e-01 2.635976955723056710e-36
2.657787760537791977e-01 2.805688170730600323e-36
2.727118147445030671e-01 2.987819029822639029e-36
2.798257069488176429e-01 3.179200880138185446e-36
2.871251703662530685e-01 3.384748351216551097e-36
2.946150457610708928e-01 3.600227822996285742e-36
3.023003001724975936e-01 3.831913834438442840e-36
3.101860302087039445e-01 4.085793782700847449e-36
3.182774654267058745e-01 4.468365417267695713e-36
3.265799718004370744e-01 4.765295988394033079e-36
3.350990552792841304e-01 5.068629730097823458e-36
3.438403654394539544e-01 5.384988244727736578e-36
3.528096992305840840e-01 5.725097034713501170e-36
3.620130048200922990e-01 6.079462210070435405e-36
3.714563855378026358e-01 6.460056368403447056e-36
3.811461039234762538e-01 6.856039833625443263e-36
3.910885858799190151e-01 7.280898785304561765e-36
4.012904249344318997e-01 7.722518278028392300e-36
4.117583866114187807e-01 8.195547847983315223e-36
4.224994129190630110e-01 8.686845219006691962e-36
4.335206269530357259e-01 9.212383880820954474e-36
4.448293376203021898e-01 9.758203705942448400e-36
4.564330444861453562e-01 1.034220573933739761e-35
4.683394427476346711e-01 1.095334053353084479e-35
4.805564283368240486e-01 2.349701205651739121e-29
4.930921031570785207e-01 1.002102403882102616e-26
5.059547804559862971e-01 1.195063710962032845e-26
5.191529903384354272e-01 1.274558491742715770e-26
5.326954854234946524e-01 1.359009506601468633e-26
5.465912466488676014e-01 1.449470156657189389e-26
5.608494892267504861e-01 1.545704323144493152e-26
5.754796687550630674e-01 1.648949723045699000e-26
5.904914874880852205e-01 1.758186859433178434e-26
6.058949007706784240e-01 1.875220692249024409e-26
6.217001236403384423e-01 1.999998564663801083e-26
6.379176376014769057e-01 2.131429004236250493e-26
6.545581975764068750e-01 2.273060541937626522e-26
6.716328390376553603e-01 2.423380231519212391e-26
6.891528853263280130e-01 2.584002426069336399e-26
7.071299551613724477e-01 2.755269021544704710e-26
7.255759703447361986e-01 2.938420869396309556e-26
7.445031636675081277e-01 3.133555516413060903e-26
7.639240870223096280e-01 3.342241928217288602e-26
7.838516197272908936e-01 3.563675922300377538e-26
8.042989770672783756e-01 3.797923665781798841e-26
8.252797190577101372e-01 4.050065408808774856e-26
8.468077594371997696e-01 4.316829618364961039e-26
8.688973748946633435e-01 4.601628740482674399e-26
8.915632145371575890e-01 4.905778786561245040e-26
9.148203096046791938e-01 5.229674947462919622e-26
9.386840834383961552e-01 5.575881964040925409e-26
9.631703617088938074e-01 5.944745890850029964e-26
9.882953829112465227e-01 6.338446398054353881e-26
1.014075809133846651e+00 6.754630086742640310e-26
1.040528737108162405e+00 7.202262228596720537e-26
1.067671709546718750e+00 7.673147357090468078e-26
1.095522726776857469e+00 8.176401227346088737e-26
1.124100258677954045e+00 8.713816631524710506e-26
1.153423256930043106e+00 9.283665216404128398e-26
1.183511167581940526e+00 9.893863077433715562e-26
1.214383943947233924e+00 1.054163476489081869e-25
1.246062059836654745e+00 1.123488499075818744e-25
1.278566523135646227e+00 1.196880794048869182e-25
1.311918889736093385e+00 1.275726710006276451e-25
1.346141277831491179e+00 1.358085919480170549e-25
1.381256382584993947e+00 1.446297670919439726e-25
1.417287491180112768e+00 1.540346771159300810e-25
1.454258498263998334e+00 1.639529830928628268e-25
1.492193921793597999e+00 1.745764536559076654e-25
1.531118919295146652e+00 1.858237493804735514e-25
1.571059304547824054e+00 1.978294011652359983e-25
1.612041564702592300e+00 2.105432174827739136e-25
1.654092877847615828e+00 2.241267464540660303e-25
1.697241131031865136e+00 2.384019719502573468e-25
1.741514938758902620e+00 2.535986648886554342e-25
1.786943661963068530e+00 2.697625903508094441e-25
1.833557427480701163e+00 2.866582247255778198e-25
1.881387148029251000e+00 3.047502776434004703e-25
1.930464542707593045e+00 3.238353590692750851e-25
1.980822158031076086e+00 3.440775128333772874e-25
2.032493389515317439e+00 3.654907877655763644e-25
2.085512503822996244e+00 3.882068588686172270e-25
2.139914661488393044e+00 4.121612465124842873e-25
2.195735940234684769e+00 4.374917625703467129e-25
2.253013358899523588e+00 4.642347365560836725e-25
2.311784901984692553e+00 4.920380759298213910e-25
2.372089544846200493e+00 5.216795001366604065e-25
2.433967279541436657e+00 5.527290736856901179e-25
2.497459141350608647e+00 5.853468411933725636e-25
2.562607235989972310e+00 6.197536855574601112e-25
2.629454767534978643e+00 6.558581880111668403e-25
2.698046067071777188e+00 6.938560716304216284e-25
2.768426622096154865e+00 7.336741851968609966e-25
2.840643106679329399e+00 7.754232455357833110e-25
2.914743412420678581e+00 8.185887511627015101e-25
2.990776680207855698e+00 8.642100399767523030e-25
3.068793332805431984e+00 9.113445173569013800e-25
3.148845108293593764e+00 9.604481224660557179e-25
3.230985094379162703e+00 1.011856002959796739e-24
3.315267763601592588e+00 1.065074350905403849e-24
3.401749009457392336e+00 1.120732028011138970e-24
3.490486183466830816e+00 1.178287390830014964e-24
3.581538133207606833e+00 1.238366829469392538e-24
3.674965241340601096e+00 1.299971876933218631e-24
3.770829465653702250e+00 1.364473161125168130e-24
3.869194380150143608e+00 1.429861114115288787e-24
3.970125217208726021e+00 1.497553130988943997e-24
4.073688910843755728e+00 1.567748092509842012e-24
4.179954141093513265e+00 1.639318852366997442e-24
4.288991379566569506e+00 1.713639585203942491e-24
4.400872936176268624e+00 1.789645989307937125e-24
4.515673007094256342e+00 1.868258554881777835e-24
4.633467723954974637e+00 1.948526177057284086e-24
4.754335204343626664e+00 2.031599489810011232e-24
4.878355603601228552e+00 2.115213345999403173e-24
5.005611167980956289e+00 2.201085510626662379e-24
5.136186289191202015e+00 2.289546341981857458e-24
5.270167560361337600e+00 2.377457422875518663e-24
5.407643833467476568e+00 5.495506927736222618e-25
5.548706278256138269e+00 5.175361472092633575e-33
5.693448442705077994e+00 1.747033649048099196e-33
5.841966315061179138e+00 1.832416397550284829e-33
5.994358387496755647e+00 1.939747150817665151e-33
6.150725721426275605e+00 2.031719040721569674e-33
6.311172014527016039e+00 2.145130879759658409e-33
6.475803669507908644e+00 2.249953131478022041e-33
6.644729864672367370e+00 2.366702671371702459e-33
6.818062626321704123e+00 2.486192347501085418e-33
6.995916903047336710e+00 2.602856004749277850e-33
7.178410641960868865e+00 2.738992046018625184e-33
7.365664866912790210e+00 2.858112396745550322e-33
7.557803758751463263e+00 3.006162227660779997e-33
7.754954737675837428e+00 3.130694101767110909e-33
7.957248547736275768e+00 3.253118970742913673e-33
8.164819343539781116e+00 3.389072902592483300e-33
8.377804779216848630e+00 3.544307297115606565e-33
8.596346099709238686e+00 3.697682901208532781e-33
8.820588234438906383e+00 3.851600511908843761e-33
9.050679893420499056e+00 4.024476629884241408e-33
9.286773665880895479e+00 4.176465898610962176e-33
9.529026121451378728e+00 4.357024134499566078e-33
9.777597913999537482e+00 3.371879595274647785e-33
1.003265388816952175e+01 4.343178046614561171e-34
1.029436318870166467e+01 4.613232566895599297e-34
1.056289937260367751e+01 4.766588623921857376e-34
1.083844052424803905e+01 5.087171589440119338e-34
1.112116937347157375e+01 5.224872280131743544e-34
1.141127341675595375e+01 5.599146713124558931e-34
1.170894504156916405e+01 5.723789280271337407e-34
1.201438165395064317e+01 6.112215238712828852e-34
1.232778580942433599e+01 6.063470816099873491e-34
1.264936534732695961e+01 6.398156450290908131e-34
1.297933352864016854e+01 6.563489303598764793e-34
1.331790917741833802e+01 6.968242634233524418e-34
1.366531682590531993e+01 7.151029520459075246e-34
1.402178686343696690e+01 7.564641889937471157e-34
1.438755568922769790e+01 2.198303034322243705e-34
1.476286586914281784e+01 2.501509635796572862e-34
1.514796629656004612e+01 2.424002730374691361e-34
1.554311235742754782e+01 2.738555594356798067e-34
1.594856609962743121e+01 2.663210297388339713e-34
1.636459640675742833e+01 2.997444804560305218e-34
1.679147917644547050e+01 2.747869892973981892e-34
1.722949750331604690e+01 3.058650430544247842e-34
1.767894186672922885e+01 3.026545583871357039e-34
1.814011032341700513e+01 3.302992195422419235e-34
1.861330870514484559e+01 2.614194468567357853e-34
1.909885082152907643e+01 1.611557611588516995e-34
1.959705866814523034e+01 1.765443735274359090e-34
2.010826264006486497e+01 1.726217328639318023e-34
2.063280175096288360e+01 2.000399992713686697e-34
2.117102385794001052e+01 1.763396672197416701e-34
2.172328589221035600e+01 2.088861396764646366e-34
2.228995409580637954e+01 1.818437582508241238e-34
2.287140426445875363e+01 2.367788934564750838e-34
2.346802199681146917e+01 9.988436636296145947e-35
2.408020295013837142e+01 1.681731727515031600e-34
2.470835310272995855e+01 1.087435937669024930e-34
2.535288902312504078e+01 1.865403787222020577e-34
2.601423814636502385e+01 1.038840559600334074e-34
2.669283905745495389e+01 1.934784786551015042e-34
2.738914178221860141e+01 1.124013320395385674e-34
2.810360808574100133e+01 1.470282692264174687e-34
2.883671177859556067e+01 7.408555552850111500e-35
2.958893903105988343e+01 1.632578104618260823e-34
3.036078869552778770e+01 6.488311008724662920e-35
3.115277263733209168e+01 1.505134490913491903e-34
3.196541607419649011e+01 9.649043740680649007e-35
3.279925792454294964e+01 7.781189619253163440e-35
3.365485116488455475e+01 9.067228379437523669e-35
3.453276319654164439e+01 5.541107947708531816e-35
3.543357622192330325e+01 7.453817305725057307e-35
3.635788763062514306e+01 9.721836802301485094e-35
3.730631039559829532e+01 4.023674090512191277e-35
3.827947347965325520e+01 9.739473936104372220e-35
3.927802225256687763e+01 7.935682547056643615e-35
4.030261891907071004e+01 7.213244924002054175e-35
4.135394295800325182e+01 4.089570878781228744e-35
4.243269157291832272e+01 5.410560689801228942e-35
4.353958015444704444e+01 7.713196410557160130e-35
4.467534275472174699e+01 5.593733534796587735e-35
4.584073257417501424e+01 7.605499099622341051e-35
4.703652246103786183e+01 5.945916375733556043e-35
4.826350542386671094e+01 5.458870122257572955e-35
4.952249515744098574e+01 5.528905773295748758e-35
5.081432658237853417e+01 4.869986619786623119e-35
5.213985639882798040e+01 5.214474330485863392e-35
5.349996365460347647e+01 5.838253472681741650e-35
5.489555032814075730e+01 3.557137035766695146e-35
5.632754192665934312e+01 3.845216269675266619e-35
5.779688809992901355e+01 5.037844196366954380e-35
5.930456327004561246e+01 5.162321347496846399e-35
6.085156727763622797e+01 5.655147997004414679e-35
6.243892604492040022e+01 5.806916072521833130e-35
6.406769225606852558e+01 4.669133877054785292e-35
6.573894605530662716e+01 4.685179476091052290e-35
6.745379576323306026e+01 3.744842737175920294e-35
6.921337861182001916e+01 5.058950386208568521e-35
7.101886149858894726e+01 5.346852392781377365e-35
7.287144176045781307e+01 3.448460965915715895e-35
7.477234796777618442e+01 3.886547041921479938e-35
7.672284073907236746e+01 4.720262674410372060e-35
7.872421357705482592e+01 5.855074473976936064e-35
8.077779372641977318e+01 3.568304481131272231e-35
8.288494305403682461e+01 4.452871411287776588e-35
8.504705895209403366e+01 3.027145732398495887e-35
8.726557526480313243e+01 4.071073092828448861e-35
8.954196323927691026e+01 4.142068166874670784e-35
9.187773250121259139e+01 3.665074340399766316e-35
9.427443205602568810e+01 3.028623666948316851e-35
9.673365131610016476e+01 3.058819578733651711e-35
9.925702115483339583e+01 4.042430755766522978e-35
1.018462149881786303e+02 3.235216391875120094e-35
1.045029498843989444e+02 3.931128625709158377e-35
1.072289877027713914e+02 3.853858129056545066e-35
1.100261362619929599e+02 4.426276902049325155e-35
1.128962505390672675e+02 3.645533810794562767e-35
1.158412338994639725e+02 3.495142365844899134e-35
1.188630393593690968e+02 3.305003201375578870e-35
1.219636708808598371e+02 2.947260413707560983e-35
1.251451847008672331e+02 3.168217815887455886e-35
1.284096906948044818e+02 3.772200191554321116e-35
1.317593537757679485e+02 2.892046424992120188e-35
1.351963953302349353e+02 3.037706294528255310e-35
1.387230946912151239e+02 3.318749242822911650e-35
1.423417906498288232e+02 3.121763848811498125e-35
1.460548830063175672e+02 3.179277828341934788e-35
1.498648341615109985e+02 3.368549160401226237e-35
1.537741707498113328e+02 3.372028895232019174e-35
1.577854853147736378e+02 2.667101424184470533e-35
1.619014380283968819e+02 3.122046705466014394e-35
1.661247584552605758e+02 2.951050875382413314e-35
1.704582473626836361e+02 3.026050586109146109e-35
1.749047785781005189e+02 3.277291311045942180e-35
1.794673008948905704e+02 2.930079922775417410e-35
1.841488400279187942e+02 3.082101388878167273e-35
1.889525006200918824e+02 2.560714636485617796e-35
1.938814683012546425e+02 2.355232382057275674e-35
1.989390118007966066e+02 2.870314157413074164e-35
2.041284851153635600e+02 2.793245067787468350e-35
2.094533297331195172e+02 2.486024982499734610e-35
2.149170769160276393e+02 2.429355505035002840e-35
2.205233500416690333e+02 2.867663643977681092e-35
2.262758670061449209e+02 2.490387760698055147e-35
2.321784426896649620e+02 2.392547716307824447e-35
2.382349914864495872e+02 2.308416351774091613e-35
2.444495299006293578e+02 2.051122454697503178e-35
2.508261792098558658e+02 1.999303797767401172e-35
2.573691681983993931e+02 1.948324105859635700e-35
2.640828359615385921e+02 2.063803489267569932e-35
2.709716347831082999e+02 1.877208555238923914e-35
2.780401330881043691e+02 1.605560513829918896e-35
2.852930184723152820e+02 1.443390154557206620e-35
2.927351008109804980e+02 1.210020563299813352e-35
3.003713154485439532e+02 1.099884571142208397e-35
3.082067264716088175e+02 8.455367992692343443e-36
3.162465300672756712e+02 5.898553196139068194e-36
3.244960579690816758e+02 3.173307903419192198e-36
3.329607809928339179e+02 0.000000000000000000e+00
