# label=highfre644 axion+backreaction
# source_module=highfre644v
# source_component=axion_backreaction_total
# source_transition_family=bohr
# source_frequency_frame=observer
# source_redshift=0.0000000000000000e+00
# source_luminosity_distance_m=3.0856775814913671e+19
# rate_model=remnant_cloud_effective
# r0_gpc3_yr=1.0000000000000000e+00
# r_eff0_gpc3_yr=1.0000000000000000e+00
# rate_evolution=constant
# z_model=1.0000000000000000e+01
# f_ret=1.0000000000000000e+00
# f_2g=1.0000000000000000e+00
# f_cloud=1.0000000000000000e+00
# f_duty=1.0000000000000000e+00
# remnant_spin=6.9999999999999996e-01
# spin_model=GerosaBerti2017
# kerr_m_omega_h=2.0418368367551071e-01
# cloud_azimuthal_m=4
# superradiant_spin_threshold=2.9339853300733498e-01
# nu_cut_hz=2.5809543931540094e+02
# characteristic_mass_msun=5.0500000000000000e-01
# hubble_h0_si=2.1953038906696129e-18
# rho_c_energy_density_si=7.7465150935130668e-10
# omega_gw_formula=f_over_rho_c_H0_integral_R_eff_dE_dnu_over_1plusz_Ez
# single_event_spectrum_frame=local_source_z0
# energy_spectrum_prefactor=two_pi_squared_c_cubed_over_G
# source_angle_average_factor=5.3333333333333333e-01
# single_event_fourier_convention=h_tilde_integral_h_exp_minus_2pi_i_f_t_dt
# columns=frequency_hz omega_gw
6.684678562947448093e-04 3.426490794546169069e-40
6.859245072608696758e-04 4.060112450557298761e-39
7.038370285580555687e-04 8.337783537183162133e-39
7.222173249760107695e-04 1.407370332936997199e-38
7.410776121911302880e-04 1.972593316161407573e-38
7.604304248851272803e-04 2.710213565308856866e-38
7.802886250756657822e-04 3.445403964840869093e-38
8.006654106645566061e-04 4.384342247487835754e-38
8.215743242091705150e-04 5.328833953448705274e-38
8.430292619229222840e-04 6.514052327395687864e-38
8.650444829107950453e-04 7.715344794075965862e-38
8.876346186460380358e-04 9.200970485310724866e-38
9.108146826943549568e-04 1.071632601307152953e-37
9.346000806920201805e-04 1.256742440513070754e-37
9.590066205845817560e-04 1.446576616851480393e-37
9.840505231329288883e-04 1.676044504933912471e-37
1.009748432693727835e-03 1.912461091632639380e-37
1.036117428281383909e-03 2.195651623420499901e-37
1.063175034918869416e-03 2.488593324573538953e-37
1.090939235284986994e-03 2.836720731342129038e-37
1.119428481665778663e-03 3.198106322157470819e-37
1.148661708218054770e-03 3.624584883610995549e-37
1.178658343553162444e-03 4.068685061858430085e-37
1.209438323649387635e-03 4.589543923806142608e-37
1.241022105101541014e-03 5.133426434563868685e-37
1.273430678716560259e-03 5.767800363444445136e-37
1.306685583464154950e-03 6.431856826819093956e-37
1.340808920791750547e-03 7.202579705853097257e-37
1.375823369313278069e-03 8.012005936252738436e-37
1.411752199881533693e-03 8.948757944165834271e-37
1.448619291054163791e-03 9.935395955372291223e-37
1.486449144963514430e-03 1.107253752426371538e-36
1.525266903600934259e-03 1.227270869182289705e-36
1.565098365526313004e-03 1.365076204390601820e-36
1.605970003013991584e-03 1.510793719140034221e-36
1.647908979646430612e-03 1.677532986114293092e-36
1.690943168367309984e-03 1.854149688310161792e-36
1.735101170006099654e-03 2.055606369580316239e-36
1.780412332286361934e-03 2.269335067123448856e-36
1.826906769330472477e-03 2.512411462437881822e-36
1.874615381673668197e-03 2.770671505767921171e-36
1.923569876800769549e-03 3.063599770186864035e-36
1.973802790219207973e-03 3.375245283189972400e-36
2.025347507082342086e-03 3.727878391929299101e-36
2.078238284377486016e-03 4.103994801586014750e-36
2.132510273693331675e-03 4.529185923028908868e-36
2.188199544581962037e-03 4.983448750344824147e-36
2.245343108530918966e-03 5.495883752360376657e-36
2.303978943561308442e-03 6.044066239258451819e-36
2.364146019468272176e-03 6.661205485495297065e-36
2.425884323720574765e-03 7.322197713424199166e-36
2.489234888036582528e-03 8.064930076928202307e-36
2.554239815654215425e-03 8.861344352796246206e-36
2.620942309313080160e-03 9.754649346919252621e-36
2.689386699967302209e-03 1.071357531681486293e-35
2.759618476248202907e-03 1.178826709710393446e-35
2.831684314696377141e-03 1.294453759795987940e-35
2.905632110783235890e-03 1.423889910733623101e-35
2.981511010742702358e-03 1.563308332356682723e-35
3.059371444234126446e-03 1.719153176813579127e-35
3.139265157858220877e-03 1.887195760490408351e-35
3.221245249548201732e-03 2.074780818492627089e-35
3.305366203859061696e-03 2.277251793222179159e-35
3.391683928178406467e-03 2.503003711266315100e-35
3.480255789882879397e-03 2.747077036862805126e-35
3.571140654464958781e-03 3.019060518030536126e-35
3.664398924655356757e-03 3.313438448195462352e-35
3.760092580567133032e-03 3.641114132227471841e-35
3.858285220888098537e-03 3.996115075047588035e-35
3.959042105148964479e-03 4.390852528236654156e-35
4.062430197095311113e-03 4.818917527622955420e-35
4.168518209192137100e-03 5.294518785175647076e-35
4.277376648290692231e-03 5.810850430017753556e-35
4.389077862487800706e-03 6.384003290319101944e-35
4.503696089208955068e-03 7.006787764985199077e-35
4.621307504547013389e-03 7.697499822125423641e-35
4.741990273889384877e-03 8.448627801079767132e-35
4.865824603867314156e-03 9.280809402345302692e-35
4.992892795661778294e-03 1.018629727332376878e-34
5.123279299701423949e-03 1.118022578618473738e-34
5.257070771788935684e-03 1.228011769096324666e-34
5.394356130693122447e-03 1.347812690390829663e-34
5.535226617244932111e-03 1.480224604488945816e-34
5.679775854976776631e-03 1.624456931566219543e-34
5.828099912345410805e-03 1.783732872842322567e-34
5.980297366579706564e-03 1.957325381616396673e-34
6.136469369195771476e-03 2.148843426372711233e-34
6.296719713222979908e-03 2.357512207022219508e-34
6.461154902185581653e-03 2.587433566138647221e-34
6.629884220885669949e-03 2.838039086463186397e-34
6.803019808034657841e-03 3.113924369763441694e-34
6.980676730781482098e-03 3.414476327292791766e-34
7.162973061187041107e-03 3.744894086288445939e-34
7.350029954695714955e-03 4.104925987046382803e-34
7.541971730656155115e-03 4.491378415924428948e-34
7.738925954944831341e-03 4.912732310545915278e-34
7.941023524747185119e-03 5.373012645976340556e-34
8.148398755552854061e-03 5.875708131921360983e-34
8.361189470422723119e-03 6.424384944813533263e-34
8.579537091587100678e-03 7.023147964884430433e-34
8.803586734435927402e-03 7.676449135626156729e-34
9.033487303963519052e-03 8.388889468148363076e-34
9.269391593731910947e-03 9.165667750723462785e-34
9.511456387418510197e-03 1.001242253657592562e-33
9.759842563015663081e-03 1.093510447874257463e-33
1.001471519975134609e-02 1.194035083858156025e-33
1.027624368780196383e-02 1.303530755077323851e-33
1.054460184087028726e-02 1.422768982764760045e-33
1.081996801170328690e-02 1.552597462797436448e-33
1.110252521062663443e-02 1.693929533292221878e-33
1.139246122717468314e-02 1.847761713402212054e-33
1.168996875489671482e-02 2.015176808389706315e-33
1.199524551942248059e-02 2.197350298147645437e-33
1.230849440987204571e-02 2.395560093667601328e-33
1.262992361369735632e-02 2.611195688949007470e-33
1.295974675504510745e-02 2.845763751730237350e-33
1.329818303673287877e-02 3.100904806855501695e-33
1.364545738593289821e-02 3.378396026001508951e-33
1.400180060366022425e-02 3.680171886081086465e-33
1.436744951816479321e-02 4.008329664651234336e-33
1.474264714232913394e-02 4.365149140371199195e-33
1.512764283517647676e-02 4.753089176049755544e-33
1.552269246759654768e-02 5.174819557532835050e-33
1.592805859239918020e-02 5.633260245503720052e-33
1.634401061880880190e-02 6.131573954100529198e-33
1.677082499151572731e-02 6.673207531533901494e-33
1.720878537440325221e-02 7.261901221709689877e-33
1.765818283907274328e-02 7.901719884189574693e-33
1.811931605829187122e-02 8.597082130151378294e-33
1.859249150449467439e-02 9.352794479665696750e-33
1.907802365346533691e-02 1.017406747857794249e-32
1.957623519334103848e-02 1.106658007763000566e-32
2.008745723907280276e-02 1.203649522748412125e-32
2.061202955248682411e-02 1.309052475678517434e-32
2.115030076809267315e-02 1.423595841728796902e-32
2.170262862478823315e-02 1.548074498779169572e-32
2.226938020361553944e-02 1.683351967649707067e-32
2.285093217172548194e-02 1.830360695735116651e-32
2.344767103271345673e-02 1.990120190346895534e-32
2.405999338349244440e-02 2.163743303226770061e-32
2.468830617787415652e-02 2.352440446370759003e-32
2.533302699703339142e-02 2.557529808320885735e-32
2.599458432703555949e-02 2.780446821658193211e-32
2.667341784361151533e-02 3.022756801767689401e-32
2.736997870436922234e-02 3.286167294084088154e-32
2.808472984863630978e-02 3.572542811560230335e-32
2.881814630513287318e-02 3.883917796324784457e-32
2.957071550767895879e-02 4.222511314049116104e-32
3.034293761914651569e-02 4.590725427172710282e-32
3.113532586387130277e-02 4.991187035176893507e-32
3.194840686874537983e-02 5.426775475853387196e-32
3.278272101321715037e-02 5.900639702493695054e-32
3.363882278843136064e-02 6.416228605359283105e-32
3.451728116574792615e-02 6.977311532947076167e-32
3.541867997488432757e-02 7.588004692259069912e-32
3.634361829193306220e-02 8.252798549601424276e-32
3.729271083751179577e-02 8.976596476664140767e-32
3.826658838531120377e-02 9.764746614123490612e-32
3.926589818131161896e-02 1.062314864187653833e-31
4.029130437394732450e-02 1.155827747929545552e-31
4.134348845550436108e-02 1.257723597956480422e-31
4.242314971504519000e-02 1.368781609559082780e-31
4.353100570316120049e-02 1.489861140916133589e-31
4.466779270886189063e-02 1.621911507879237462e-31
4.583426624891794032e-02 1.765976189284144528e-31
4.703120156998294443e-02 1.923198347911309014e-31
4.825939416382793445e-02 2.094827352244763908e-31
4.951966029603088737e-02 2.282235474094894484e-31
5.081283754847264189e-02 2.486933619131322101e-31
5.213978537599984336e-02 2.710579803318334096e-31
5.350138567762477426e-02 2.954998145724239056e-31
5.489854338264164857e-02 3.222207075296702302e-31
5.633218705204923876e-02 3.514449146596397525e-31
5.780326949567906464e-02 3.834191215744771949e-31
5.931276840543964202e-02 4.184143139757630490e-31
6.086168700509749646e-02 4.567323152755984166e-31
6.245105471702686040e-02 4.987072655803639079e-31
6.408192784637119221e-02 5.447050780709361574e-31
6.575539028307098022e-02 5.951297991561470066e-31
6.747255422222488142e-02 6.504308439546588832e-31
6.923456090326263190e-02 7.111001378000839894e-31
7.104258136842059312e-02 7.776725663027452404e-31
7.289781724102503691e-02 8.507462150010212125e-31
7.480150152409972830e-02 9.309943125145175333e-31
7.675489941982811815e-02 1.019184852329262434e-30
7.875930917041630563e-02 1.116178610120793197e-30
8.081606292091347843e-02 1.222897103686403408e-30
8.292652760456571681e-02 1.340338471570554876e-30
8.509210585128888782e-02 1.469607371371126838e-30
8.731423691986722746e-02 1.611921978637407915e-30
8.959439765449438153e-02 1.768654791696929347e-30
9.193410346629489471e-02 1.941312655739748534e-30
9.433490934047758514e-02 2.131563556521480537e-30
9.679841086978908937e-02 2.341243874056001103e-30
9.932624531495708176e-02 2.572377940521438850e-30
1.019200926928245932e-01 2.827202466084063903e-30
1.045816768929020563e-01 3.108166598091064265e-30
1.073127668230758613e-01 3.417981680600594770e-30
1.101151775852374920e-01 3.759589930217531114e-30
1.129907716816136026e-01 4.136253134073706549e-30
1.159414602525974253e-01 4.551557262768477594e-30
1.189692043469073729e-01 5.009407220242162756e-30
1.220760162249130004e-01 5.514019101346225005e-30
1.252639606959986551e-01 6.069959467506577083e-30
1.285351564908496780e-01 6.682253999818739774e-30
1.318917776695762989e-01 7.356287979945207585e-30
1.353360550666099782e-01 8.097830318013364615e-30
1.388702777733309413e-01 8.913055596104842278e-30
1.424967946594158374e-01 9.808516168219394880e-30
1.462180159339120655e-01 1.079122075571158890e-29
1.500364147470812648e-01 1.186856756442773596e-29
1.539545288340714302e-01 1.304832982394981980e-29
1.579749622015144406e-01 1.433850267321669094e-29
1.621003868581679108e-01 1.574717961040913069e-29
1.663335445907501153e-01 1.728252237124434640e-29
1.706772487861524801e-01 1.895270929701032412e-29
1.751343863012351787e-01 2.076564988938073706e-29
1.797079193814542786e-01 2.272882647240010556e-29
1.844008876295897548e-01 2.484944153588194361e-29
1.892164100258888482e-01 2.713398829055512591e-29
1.941576870009610878e-01 2.958767809426390601e-29
1.992280025628081486e-01 3.221528155130717400e-29
2.044307264793994439e-01 3.502132652504957107e-29
2.097693165182427932e-01 3.801061788818435078e-29
2.152473207444429160e-01 4.119006550553543740e-29
2.208683798787692831e-01 4.457178543420593856e-29
2.266362297173067919e-01 4.817850436503944740e-29
2.325547036142911750e-01 5.205226616056670588e-29
2.386277350297840438e-01 5.627143093653671665e-29
2.448593601438794898e-01 6.097638055561888948e-29
2.512537205391764950e-01 6.641441747942612734e-29
2.578150659533063327e-01 7.301539024067293835e-29
2.645477571033363340e-01 8.152172856975920210e-29
2.714562685839361222e-01 9.321370443017377555e-29
2.785451918412228389e-01 1.103079066121098000e-28
2.858192382242704110e-01 1.366949398631669663e-28
2.932832421163062420e-01 1.793362113992294069e-28
3.009421641476749953e-01 2.510290730757598320e-28
3.088010944927114809e-01 3.762407616815588059e-28
3.168652562527042305e-01 6.043863926997988112e-28
3.251400089272086791e-01 1.043365589557124452e-27
3.336308519760065039e-01 1.957386955940391584e-27
3.423434284740869415e-01 4.123848775140351451e-27
3.512835288620757557e-01 1.078092002204781508e-26
3.604570947946010850e-01 6.390045380226489759e-26
3.698702230891623421e-01 5.441977068476104196e-25
3.795291697781159046e-01 7.635307294093514737e-25
3.894403542664818807e-01 8.413345882040310225e-25
3.996103635983235813e-01 9.116104354571996798e-25
4.100459568345470318e-01 9.830531071632987058e-25
4.207540695450185386e-01 1.057955733685335526e-24
4.317418184179953045e-01 1.138280273649458965e-24
4.430165059899282554e-01 1.225132757771181039e-24
4.545856254987774014e-01 1.321989601904262142e-24
4.664568658640744214e-01 1.435044893773045671e-24
4.786381167970302775e-01 1.605642792506894241e-24
4.911374740440973552e-01 2.785283622723895587e-24
5.039632447674569082e-01 3.418365073024242085e-24
5.171239530660199923e-01 3.671395472172806319e-24
5.306283456406062360e-01 3.922996120960665591e-24
5.444853976070596069e-01 4.186234935131216089e-24
5.587043184611796276e-01 4.466083610130789359e-24
5.732945581994127737e-01 4.763170707783640740e-24
5.882658135993931170e-01 5.080185805447091520e-24
6.036280346644852246e-01 5.417482306500168213e-24
6.193914312366298747e-01 5.776753186859952644e-24
6.355664797818795231e-01 6.160504935668356233e-24
6.521639303531281406e-01 6.568082772840940260e-24
6.691948137346784842e-01 7.004902182236070228e-24
6.866704487733750195e-01 7.467298219437725291e-24
7.046024499011956932e-01 7.963933249165607807e-24
7.230027348542806820e-01 8.489833814914902148e-24
7.418835325935514424e-01 9.087148463336580765e-24
7.612573914321596469e-01 9.690906008151854720e-24
7.811371873751884465e-01 1.033463094403349822e-23
8.015361326771398565e-01 1.101853212724245003e-23
8.224677846228878320e-01 1.174835536405936816e-23
8.439460545379533496e-01 1.252644194523227308e-23
8.659852170340641697e-01 1.335468812981169889e-23
8.885999194961703429e-01 1.424087041231516735e-23
9.118051918171954373e-01 1.518285206951061503e-23
9.356164563870126294e-01 1.619757843887416429e-23
9.600495383422791296e-01 1.729615928071689042e-23
9.851206760839273935e-01 1.981091026134620724e-23
1.010846532069331172e+00 2.127259145370145426e-23
1.037244203886285021e+00 2.269063427115116844e-23
1.064331235616192695e+00 2.419256006016870974e-23
1.092125629493980066e+00 2.596569016009099984e-23
1.120645857872514028e+00 2.981093482831247707e-23
1.149910875499462470e+00 3.184378620571593904e-23
1.179940132114747575e+00 3.397385947653160510e-23
1.210753585376991515e+00 3.622882731983002444e-23
1.242371714127509019e+00 3.864008698758250571e-23
1.274815532000701745e+00 4.119486469393823542e-23
1.308106601389861456e+00 4.393777420939932495e-23
1.342267047777693900e+00 4.684432385145297941e-23
1.377319574441077110e+00 4.996709542655839508e-23
1.413287477539812320e+00 5.329263676993902464e-23
1.450194661599429224e+00 5.689237824796485808e-23
1.488065655398292719e+00 8.846515261035034147e-23
1.526925628269616864e+00 8.448758204545842381e-23
1.566800406829170766e+00 1.005070268427441848e-22
1.607716492139845244e+00 9.577861096185200848e-23
1.649701077324436715e+00 1.142361387071191163e-22
1.692782065638396949e+00 1.086292308637105545e-22
1.736988089014539494e+00 1.298461987934704357e-22
1.782348527092017187e+00 1.232470543470025336e-22
1.828893526742252140e+00 1.507774352971481702e-22
1.876654022104749409e+00 1.559250297744280368e-22
1.925661755146160337e+00 1.853316375771759341e-22
1.975949296756209117e+00 2.131841895858458678e-22
2.027550068394543104e+00 2.458489941167126278e-22
2.080498364302880709e+00 2.427773130531479446e-22
2.134829374297195326e+00 2.792767614150757388e-22
2.190579207155134878e+00 2.775349680302972296e-22
2.247784914614156193e+00 3.373344633562644197e-22
2.306484515996393814e+00 3.397912343361053001e-22
2.366717023476554882e+00 3.833639674250182711e-22
2.428522468009699509e+00 3.888165403909325490e-22
2.491941925936102642e+00 4.949881792946487116e-22
2.557017546280871301e+00 4.907723710574239944e-22
2.623792578766503070e+00 5.897434195820325798e-22
2.692311402556944788e+00 5.849015732844951825e-22
2.762619555752320100e+00 6.680304852759436830e-22
2.834763765653858236e+00 6.652218439192964151e-22
2.908791979819202123e+00 7.560934303776058675e-22
2.984753397928703755e+00 7.916852324559740556e-22
3.062698504483865936e+00 9.998857918294743114e-22
3.142679102359724919e+00 8.935746575032371085e-22
3.224748347233388657e+00 1.143893849187472583e-21
3.308960782911702481e+00 1.031226007831085131e-21
3.395372377581429735e+00 1.352294410848367967e-21
3.484040561006133352e+00 1.229086843676545668e-21
3.575024262694384891e+00 1.620131527509099782e-21
3.668383951064747350e+00 1.409905795158628947e-21
3.764181673633528291e+00 1.876780157209341250e-21
3.862481098251977940e+00 1.609516760554631372e-21
3.963347555420428492e+00 2.180126808240690013e-21
4.066848081707379770e+00 1.830884560233157854e-21
4.173051464302514724e+00 2.351405970213312901e-21
4.282028286733129185e+00 2.021021380119725991e-21
4.393850975774458156e+00 2.671413355541559862e-21
4.508593849585046165e+00 2.406028448438329859e-21
4.626333167099092591e+00 3.044030955114135093e-21
4.747147178708719828e+00 2.743856925064393973e-21
4.871116178269710772e+00 3.474506136028425269e-21
4.998322556465411459e+00 3.196160006068979746e-21
5.128850855564140332e+00 4.053214892263200712e-21
5.262787825606591419e+00 3.644466177452240350e-21
5.400222482060555329e+00 4.411753765355593073e-21
5.541246164981192379e+00 3.865372854067618018e-21
5.685952599716333822e+00 4.941539160065223029e-21
5.834437959196969281e+00 4.434574654261548986e-21
5.986800927854512899e+00 5.605702229926171801e-21
6.143142767207141475e+00 5.123915073229169182e-21
6.303567383158939386e+00 6.343912511064285381e-21
6.468181395056523009e+00 5.948549339217581859e-21
6.637094206548979081e+00 7.230753400665834519e-21
6.810418078298354772e+00 6.841631456108411916e-21
6.988268202588888478e+00 8.198385912346466014e-21
7.170762779884568339e+00 7.876497344238465435e-21
7.358023097386095834e+00 9.227563502539894173e-21
7.550173609639185379e+00 9.022955234967836511e-21
7.747342021247894728e+00 1.037410531414089129e-20
7.949659371748110992e+00 1.032115787532732288e-20
8.157260122697302052e+00 1.167785481985268478e-20
8.370282247038662859e+00 1.175882304020064003e-20
8.588867320798849292e+00 1.315752744264452079e-20
8.813160617180518130e+00 1.336883541732848989e-20
9.043311203111892738e+00 1.470908363102410492e-20
9.279472038317644333e+00 1.516013770601986101e-20
9.521800076977136484e+00 1.644311865097179147e-20
9.770456372037216397e+00 1.715248933723469378e-20
1.002560618224919331e+01 1.837254070143137271e-20
1.028741908200091082e+01 1.939113687002593477e-20
1.055606907401721095e+01 2.049459041234946506e-20
1.083173470500331170e+01 2.153667643573224683e-20
1.111459918430826832e+01 2.243622431955455422e-20
1.140485050568712033e+01 2.419381959409890624e-20
1.170268157224302819e+01 2.495462990237999831e-20
1.200829032463198587e+01 2.711901194201278094e-20
1.232187987261551321e+01 2.723903439328820451e-20
1.264365863004901769e+01 2.987254166435198492e-20
1.297384045339501668e+01 3.022598057379523373e-20
1.331264478385373806e+01 3.345481427909140091e-20
1.366029679320519641e+01 3.349994873859747627e-20
1.401702753346012464e+01 3.730940291828226913e-20
1.438307409041872376e+01 3.711961425957596505e-20
1.475867974123948123e+01 4.159430182509848529e-20
1.514409411612309242e+01 4.113211500142948317e-20
1.553957336421835400e+01 4.630134782878643867e-20
1.594538032386078363e+01 4.540882702825598170e-20
1.636178469725672713e+01 4.524270856165752657e-20
1.678906322972956744e+01 4.590500146582271441e-20
1.722749989364654510e+01 5.039696666604335618e-20
1.767738607714873211e+01 5.060734514006943671e-20
1.813902077780985778e+01 5.597168760205457903e-20
1.861271080135211875e+01 5.578457926467108321e-20
1.909877096555151610e+01 6.215306195472107486e-20
1.959752430946783974e+01 6.117675284630776351e-20
2.010930230813898234e+01 6.839169319640200509e-20
2.063444509288150641e+01 6.353577853663861099e-20
2.117330167734420598e+01 7.250304321729978200e-20
2.172623018946532980e+01 6.131868838406531769e-20
2.229359810948681186e+01 7.282564911674101180e-20
2.287578251418434050e+01 6.696273586069677515e-20
2.347317032747510623e+01 8.081501224763620038e-20
2.408615857757047607e+01 8.817750574614278125e-20
2.471515466084363766e+01 8.813677695737209987e-20
2.536057661258800167e+01 9.621606154658927573e-20
2.602285338484674426e+01 1.043802209387070183e-19
2.670242513149718278e+01 9.510999285266234927e-20
2.739974350078032117e+01 7.505472170476636222e-20
2.811527193546926640e+01 8.583723857797565342e-20
2.884948598087693483e+01 8.607001791497642717e-20
2.960287360090671172e+01 1.047924709444967642e-19
3.037593550235656181e+01 7.441552541828645500e-20
3.116918546769271714e+01 9.069174372234249762e-20
3.198315069651292220e+01 1.040715789403280314e-19
3.281837215592719303e+01 8.191769524512485816e-20
3.367540494008814989e+01 1.086068688848671267e-19
3.455481863911096951e+01 8.485890580962250187e-20
3.545719771762684047e+01 1.048413587267077936e-19
3.638314190322213193e+01 8.612701145517015809e-20
3.733326658502205220e+01 6.921496458303284807e-20
3.830820322268237277e+01 8.298801490661038766e-20
3.930859976606218709e+01 7.923442775435728013e-20
4.033512108585569678e+01 8.642130341979001969e-20
4.138844941547051093e+01 1.078615451468315134e-19
4.246928480444453413e+01 1.188237843182251286e-19
4.357834558370402078e+01 1.056461921944818043e-19
4.471636884297116410e+01 1.291735361781892843e-19
4.588411092063964247e+01 1.074957497305053794e-19
4.708234790644233669e+01 7.243035532320825701e-20
4.831187615724576290e+01 6.893410654675250470e-20
4.957351282631515232e+01 6.383682374552452889e-20
5.086809640639996388e+01 8.098956707190617007e-20
5.219648728700233420e+01 8.421020616421404254e-20
5.355956832619769870e+01 5.940939789461318154e-20
5.495824543738921619e+01 7.963150165870042360e-20
5.639344819138394627e+01 4.695121100259428800e-20
5.786613043419194469e+01 5.695639089362864700e-20
5.937727092095980197e+01 7.701319168158445792e-20
6.092787396645786657e+01 4.287454584062151687e-20
6.251897011255525172e+01 4.531148739277789159e-20
6.415161681312483211e+01 6.206038318454517666e-20
6.582689913683537952e+01 4.367973843538615509e-20
6.754593048829562463e+01 3.597137839447706044e-20
6.930985334803050080e+01 5.264805035292938861e-20
7.111984003178264402e+01 4.177829192723519453e-20
7.297709346964128940e+01 2.577252087229067071e-20
7.488284800551855369e+01 2.888738627635431346e-20
7.683837021750250074e+01 1.886852169721085796e-20
7.884495975963501735e+01 3.459062588876843862e-20
8.090395022567068395e+01 2.538955267274656302e-20
8.301671003539217963e+01 2.096122620414316269e-20
8.518464334407291005e+01 2.301280102850584274e-20
8.740919097568794882e+01 1.840673525642428659e-20
8.969183138049631054e+01 1.556661011704945067e-20
9.203408161762877171e+01 1.458307963399709567e-20
9.443749836333739722e+01 1.022580549622105345e-20
9.690367894557311956e+01 9.335030127031365059e-21
9.943426240558073914e+01 7.670023694709504412e-21
1.020309305872186059e+02 9.265327901645638348e-21
1.046954092547232733e+02 6.864521720348163403e-21
1.074294692396652238e+02 6.238215042828830877e-21
1.102349276178552486e+02 3.402910264613854088e-21
1.131136489169873585e+02 3.036884756108447333e-21
1.160675463558166172e+02 3.113398613938326667e-21
1.190985831156971813e+02 2.805643929288129044e-21
1.222087736453282076e+02 1.664909329839059694e-21
1.254001849995697881e+02 1.576249720655989738e-21
1.286749382132229869e+02 1.356905109716195182e-21
1.320352097106836027e+02 1.356497186761423368e-21
1.354832327524110553e+02 9.023489278403217077e-22
1.390212989191683164e+02 8.621404053833966694e-22
1.426517596350222163e+02 6.121226691599774806e-22
1.463770277301182432e+02 4.131638345194573059e-22
1.501995790442635439e+02 3.680514466881635418e-22
1.541219540723884620e+02 2.844396769455090040e-22
1.581467596529763568e+02 2.065057034657778145e-22
1.622766707005889089e+02 1.756549342623048728e-22
1.665144319836326190e+02 1.385315366271653216e-22
1.708628599485504083e+02 9.024014060459050519e-23
1.753248445916541129e+02 6.728616645352324033e-23
1.799033513798354136e+02 5.142745421109647315e-23
1.846014232214368747e+02 3.914506265499672159e-23
1.894221824885893000e+02 2.925455865739740889e-23
1.943688330923646390e+02 1.750225057754004580e-23
1.994446626121167299e+02 1.279147255866734486e-23
2.046530444804309354e+02 9.655369681021174873e-24
2.099974402251297647e+02 5.563801069307230402e-24
2.154814017698315638e+02 4.082163731333154524e-24
2.211085737945831511e+02 2.976211539662403319e-24
2.268826961581387422e+02 1.687798690388872568e-24
2.328076063834996887e+02 1.203767913185257123e-24
2.388872422083577476e+02 6.380137848280180285e-25
2.451256442021447128e+02 4.325135281210860255e-25
2.515269584514217058e+02 1.711440506178949982e-25
2.580954393154009949e+02 0.000000000000000000e+00
