# columns=frequency_hz equivalent_omega_gw
# conversion=2_pi_squared_f_squared_hc_squared_over_3_H0_squared
# source_file=lisa.csv
1.022606944899999730e-05 9.224143633167176888e-06
1.032415669784920317e-05 9.051926172468515274e-06
1.042318478798983294e-05 8.882924062151908100e-06
1.052316274386033513e-05 8.717077270684664214e-06
1.062409967646041974e-05 8.554326887340934368e-06
1.072600478418151480e-05 8.394615101274794953e-06
1.082888735364484275e-05 8.237885180986290632e-06
1.093275676054788761e-05 8.084081454168616398e-06
1.103762247051862597e-05 7.933149287933694658e-06
1.114349403997830970e-05 7.785035069405130831e-06
1.125038111701215990e-05 7.639686186674862875e-06
1.135829344224878193e-05 7.497051010114365256e-06
1.146724084974764923e-05 7.357078874035441193e-06
1.157723326789546074e-05 7.219720058693118813e-06
1.168828072031073649e-05 7.084925772624555955e-06
1.180039332675744932e-05 6.952648135317961717e-06
1.191358130406708469e-05 6.822840160204462020e-06
1.202785496706976362e-05 6.695455737968449558e-06
1.214322472953431375e-05 6.570449620168583929e-06
1.225970110511710209e-05 6.447777403165172059e-06
1.237729470832034440e-05 6.327395512348802661e-06
1.249601625545920501e-05 6.209261186659684946e-06
1.261587656563857835e-05 6.093332463398910468e-06
1.273688656173883024e-05 5.979568163323360037e-06
1.285905727141140555e-05 5.867927876018592453e-06
1.298239982808357865e-05 5.758371945544312670e-06
1.310692547197323958e-05 5.650861456348236757e-06
1.323264555111301782e-05 5.545358219443141001e-06
1.335957152238463829e-05 5.441824758840960947e-06
1.348771495256276581e-05 5.340224298241626284e-06
1.361708751936931713e-05 5.240520747969233578e-06
1.374770101253744788e-05 5.142678692152593948e-06
1.387956733488604257e-05 5.046663376145471581e-06
1.401269850340449960e-05 4.952440694180900646e-06
1.414710665034764839e-05 4.859977177256584659e-06
1.428280402434158303e-05 4.769239981246343531e-06
1.441980299149965705e-05 4.680196875233336706e-06
1.455811603654963517e-05 4.592816230061574316e-06
1.469775576397120105e-05 4.507067007100416471e-06
1.483873489914483033e-05 4.422918747219267994e-06
1.498106628951122633e-05 4.340341559969402378e-06
1.512476290574234648e-05 4.259306112965503389e-06
1.526983784292317587e-05 4.179783621466620256e-06
1.541630432174532716e-05 4.101745838151072233e-06
1.556417568971163833e-05 4.025165043083144280e-06
1.571346542235260512e-05 3.950014033866307033e-06
1.586418712445452123e-05 3.876266115980761301e-06
1.601635453129905345e-05 3.803895093301092263e-06
1.616998150991518684e-05 3.732875258791280930e-06
1.632508206034268954e-05 3.663181385373121035e-06
1.648167031690818152e-05 3.594788716965379138e-06
1.663976054951293632e-05 3.527672959690047642e-06
1.679936716493357466e-05 3.461810273242952275e-06
1.696050470813467083e-05 3.397177262425238231e-06
1.712318786359452516e-05 3.333750968833360322e-06
1.728743145664307296e-05 3.271508862703922176e-06
1.745325045481320022e-05 3.210428834910625204e-06
1.762065996920446324e-05 3.150489189111073348e-06
1.778967525586043198e-05 3.091668634039967585e-06
1.796031171715874568e-05 3.033946275946165574e-06
1.813258490321481583e-05 2.977301611170854042e-06
1.830651051329904106e-05 2.921714518864657432e-06
1.848210439726721201e-05 2.867165253839016525e-06
1.865938255700521747e-05 2.813634439554108346e-06
1.883836114788698464e-05 2.761103061236725917e-06
1.901905648024703233e-05 2.709552459124855925e-06
1.920148502086652928e-05 2.658964321839706469e-06
1.938566339447421282e-05 2.609320679881327508e-06
1.957160838526109386e-05 2.560603899245674232e-06
1.975933693841032374e-05 2.512796675160550235e-06
1.994886616164108121e-05 2.465882025939083713e-06
2.014021332676792616e-05 2.419843286947301111e-06
2.033339587127446150e-05 2.374664104685024047e-06
2.052843139990272951e-05 2.330328430976465463e-06
2.072533768625726183e-05 2.286820517270148514e-06
2.092413267442488767e-05 2.244124909044651210e-06
2.112483448061014101e-05 2.202226440318837651e-06
2.132746139478585671e-05 2.161110228265091865e-06
2.153203188236031435e-05 2.120761667922402844e-06
2.173856458585962184e-05 2.081166427008687120e-06
2.194707832662697532e-05 2.042310440829832338e-06
2.215759210653748751e-05 2.004179907284066340e-06
2.237012510973019391e-05 1.966761281958551616e-06
2.258469670435593580e-05 1.930041273318212757e-06
2.280132644434274968e-05 1.894006837984994198e-06
2.302003407117746215e-05 1.858645176104533667e-06
2.324083951570508609e-05 1.823943726799435866e-06
2.346376289994479825e-05 1.789890163707550977e-06
2.368882453892381305e-05 1.756472390603643157e-06
2.391604494252881706e-05 1.723678537102420974e-06
2.414544481737472011e-05 1.691496954442226360e-06
2.437704506869202436e-05 1.659916211347221910e-06
2.461086680223153030e-05 1.628925089966760037e-06
2.484693132618811458e-05 1.598512581890859309e-06
2.508526015314212616e-05 1.568667884239648363e-06
2.532587500202024728e-05 1.539380395826319565e-06
2.556879780007433514e-05 1.510639713391251239e-06
2.581405068488005721e-05 1.482435627906730503e-06
2.606165600635388331e-05 1.454758120950657205e-06
2.631163632879024051e-05 1.427597361147684384e-06
2.656401443291740101e-05 1.400943700677223512e-06
2.681881331797389531e-05 1.374787671846319123e-06
2.707605620380401076e-05 1.349119983726529690e-06
2.733576653297425921e-05 1.323931518853881127e-06
2.759796797290930951e-05 1.299213329990103963e-06
2.786268441804897044e-05 1.274956636944592828e-06
2.812993999202586504e-05 1.251152823455480585e-06
2.839975904986340649e-05 1.227793434129045285e-06
2.867216618019575972e-05 1.204870171436176228e-06
2.894718620750811819e-05 1.182374892765134050e-06
2.922484419439943376e-05 1.160299607529057716e-06
2.950516544386591936e-05 1.138636474327699635e-06
2.978817550160735698e-05 1.117377798162023874e-06
3.007390015835463586e-05 1.096516027700950484e-06
3.036236545222051621e-05 1.076043752598845356e-06
3.065359767107202281e-05 1.055953700863482649e-06
3.094762335492652166e-05 1.036238736272801824e-06
3.124446929836992791e-05 1.016891855840084049e-06
3.154416255299863066e-05 9.979061873265317362e-07
3.184673042988492466e-05 9.792749867998529884e-07
3.215220050206544404e-05 9.609916362391696357e-07
3.246060060705437009e-05 9.430496411837797711e-07
3.277195884937977307e-05 9.254426284266169429e-07
3.308630360314529745e-05 9.081643437501599913e-07
3.340366351461536058e-05 8.912086497049867599e-07
3.372406750482624362e-05 8.745695234296799542e-07
3.404754477222110938e-05 8.582410545113451605e-07
3.437412479531140017e-05 8.422531652678748125e-07
3.470383733536268437e-05 8.267637469998934455e-07
3.503671243910735065e-05 8.117510101153885031e-07
3.537278044148228621e-05 7.971691843376202276e-07
3.571207196839349741e-05 7.829752421966424435e-07
3.605461793950719178e-05 7.691287270692536191e-07
3.640044957106738232e-05 7.555916019703706214e-07
3.674959837874044094e-05 7.423281171953381880e-07
3.710209618048729231e-05 7.293046950756712072e-07
3.745797509946319394e-05 7.164898302474386503e-07
3.781726756694461442e-05 7.038540039509797271e-07
3.818000632528530390e-05 6.913696109794998386e-07
3.854622443089946961e-05 6.790108979791760309e-07
3.891595525727486852e-05 6.667539118738985137e-07
3.928923249801347269e-05 6.545764572470672167e-07
3.966609016990262776e-05 6.424580615617613605e-07
4.004656261601435331e-05 6.303799471420883247e-07
4.043068450883569200e-05 6.183250088721521879e-07
4.081849085342772912e-05 6.062777965985347081e-07
4.121001699061631828e-05 5.942245012471310791e-07
4.160529860021206021e-05 5.821529436883668316e-07
4.200437170426209611e-05 5.700525654057954189e-07
4.240727267033301764e-05 5.579144200455196469e-07
4.281403821482450048e-05 5.457273795643785014e-07
4.322470540631590436e-05 5.332179346490786768e-07
4.363931166894368481e-05 5.203071599287122775e-07
4.405789478581253717e-05 5.071119393422340128e-07
4.448049290243786044e-05 4.937416672479283285e-07
4.490714453022271233e-05 4.802977629215952599e-07
4.533788854996657886e-05 4.668733886100198464e-07
4.577276421540938056e-05 4.535533500871473659e-07
4.621181115680786242e-05 4.404141575232226303e-07
4.665506938454790477e-05 4.275242241968213692e-07
4.710257929278998372e-05 4.149441810213434911e-07
4.755438166315058637e-05 4.027272858854249854e-07
4.801051766841883558e-05 3.909199082887387546e-07
4.847102887630837833e-05 3.795620715710430246e-07
4.893595725324526962e-05 3.686880370746117186e-07
4.940534516819254310e-05 3.583269167564559980e-07
4.987923539651163094e-05 3.485033030000159824e-07
5.035767112385974544e-05 3.392379066078201358e-07
5.084069595012625793e-05 3.305481961410598635e-07
5.132835389340508679e-05 3.224490338830038077e-07
5.182068939400691636e-05 3.149533057241612586e-07
5.231774731850823124e-05 3.080725441974100765e-07
5.281957296384083203e-05 3.018175457419442433e-07
5.332621206141889157e-05 2.961989850661066229e-07
5.383771078130734634e-05 2.911812749336051208e-07
5.435411573642848573e-05 2.866140080474798800e-07
5.487547398681069639e-05 2.824425836613265118e-07
5.540183304387623787e-05 2.786229367535739778e-07
5.593324087477132928e-05 2.751139515304236968e-07
5.646974590673772018e-05 2.718770545731159162e-07
5.701139703152506821e-05 2.688758662310607366e-07
5.755824360984738942e-05 2.660759040041737306e-07
5.811033547588035606e-05 2.634443327369908469e-07
5.866772294180362928e-05 2.609497573380466498e-07
5.923045680238487275e-05 2.585620544665236121e-07
5.979858833960964825e-05 2.562522402150923779e-07
6.037216932735375787e-05 2.539923712794394364e-07
6.095125203610238300e-05 2.517554774540458472e-07
6.153588923771254407e-05 2.495155235418372744e-07
6.212613421022317021e-05 2.472473989207718553e-07
6.272204074270943156e-05 2.449269330815916152e-07
6.332366314018497970e-05 2.425309354444395561e-07
6.393105622855097144e-05 2.400372576855497421e-07
6.454427535959214016e-05 2.374248766654840846e-07
6.516337641602073475e-05 2.346739958552605051e-07
6.578841581656932891e-05 2.317661629150653540e-07
6.641945052113275836e-05 2.286844008019861270e-07
6.705653803595788495e-05 2.254170111836750973e-07
6.769973641888519915e-05 2.220203112854495362e-07
6.834910428463861535e-05 2.185303889014686214e-07
6.900470081016810847e-05 2.149631964895506462e-07
6.966658574004137004e-05 2.113340887734350551e-07
7.033481939188951176e-05 2.076577773533671148e-07
7.100946266190279145e-05 2.039482947482938950e-07
7.169057703038050845e-05 2.002189673752980780e-07
7.237822456733403848e-05 1.964823969178242346e-07
7.307246793814295373e-05 1.927504494940551173e-07
7.377337040926543437e-05 1.890342520101204669e-07
7.448099585400405577e-05 1.853441950678490475e-07
7.519540875832701895e-05 1.816899417928177353e-07
7.591667422674367263e-05 1.780804419543158396e-07
7.664485798823874468e-05 1.745239507625755689e-07
7.738002640226100063e-05 1.710280517501965286e-07
7.812224646477181783e-05 1.675996831717859382e-07
7.887158581434925721e-05 1.642451673879382274e-07
7.962811273835328414e-05 1.609702427359468220e-07
8.039189617914750316e-05 1.577800974284321848e-07
8.116300574038313965e-05 1.546794050621780863e-07
8.194151169334078222e-05 1.516723613619461210e-07
8.272748498333548325e-05 1.487627218270557418e-07
8.352099723618086711e-05 1.459538399917246864e-07
8.432212076471689460e-05 1.432284130248927430e-07
8.513092857540024007e-05 1.405542966423030102e-07
8.594749437495619699e-05 1.379301067950356649e-07
8.677189257709695029e-05 1.353549113400716099e-07
8.760419830930148556e-05 1.328277955377851101e-07
8.844448741966342350e-05 1.303478617269914601e-07
8.929283648380160262e-05 1.279142290061131427e-07
9.014932281183984757e-05 1.255260329202543320e-07
9.101402445545082734e-05 1.231824251541508948e-07
9.188702021497038668e-05 1.208825732308266400e-07
9.276838964657710569e-05 1.186256602159038315e-07
9.365821306954375577e-05 1.164108844273964126e-07
9.455657157355554221e-05 1.142374591509618546e-07
9.546354702610031088e-05 1.121046123604516338e-07
9.637922207992959383e-05 1.100115864436536361e-07
9.730368018059029080e-05 1.079576379332100261e-07
9.823700557402876177e-05 1.059420372425112885e-07
9.917928331426850979e-05 1.039640684065468160e-07
1.001305992711616844e-04 1.020230288275779062e-07
1.010910401382134841e-04 1.001182290255718920e-07
1.020606934404831714e-04 9.824899239329368222e-08
1.030396475425595992e-04 9.641465495595877268e-08
1.040279916566150579e-04 9.461456513538921772e-08
1.050258158505335931e-04 9.284808351855589499e-08
1.060332110561205710e-04 9.111458263047295814e-08
1.070502690773877854e-04 8.941344671127672478e-08
1.080770825989206118e-04 8.774407149751836821e-08
1.091137451943239830e-04 8.610586400752916988e-08
1.101603513347497069e-04 8.449824233077896325e-08
1.112169963975057638e-04 8.292063542117926285e-08
1.122837766747479619e-04 8.137248289423934786e-08
1.133607893822550903e-04 7.985323482801122984e-08
1.144481326682882062e-04 7.836235156774825117e-08
1.155459056225349636e-04 7.689930353421765123e-08
1.166542082851391478e-04 7.546357103559044396e-08
1.177731416558185844e-04 7.405464408282881352e-08
1.189028077030674822e-04 7.267202220854590828e-08
1.200433093734507695e-04 7.131521428922517925e-08
1.211947506009836763e-04 6.998373837077006678e-08
1.223572363166051946e-04 6.867712149730718051e-08
1.235308724577386004e-04 6.739489954319130355e-08
1.247157659779469380e-04 6.613661704813414829e-08
1.259120248566789947e-04 6.490182705542969266e-08
1.271197581091096959e-04 6.369009095317928350e-08
1.283390757960746768e-04 6.250097831850222671e-08
1.295700890340999926e-04 6.133406676463689056e-08
1.308129100055284856e-04 6.018894179090247752e-08
1.320676519687422122e-04 5.906519663549218229e-08
1.333344292684851865e-04 5.796243213095525605e-08
1.346133573462815871e-04 5.688025656239839713e-08
1.359045527509581016e-04 5.581828552836375913e-08
1.372081331492629554e-04 5.477614180427757178e-08
1.385242173365909210e-04 5.375345520846022248e-08
1.398529252478071516e-04 5.274986247063418501e-08
1.411943779681788401e-04 5.176500710288335434e-08
1.425486977444078698e-04 5.079853927302393045e-08
1.439160079957725103e-04 4.985011568034257406e-08
1.452964333253740632e-04 4.891939943365067456e-08
1.466900995314920095e-04 4.800605993161753377e-08
1.480971336190480654e-04 4.710977274533522330e-08
1.495176638111801487e-04 4.623021950307774702e-08
1.509518195609275038e-04 4.536708777721333478e-08
1.523997315630269830e-04 4.452007097322660913e-08
1.538615317658250140e-04 4.368886822080923973e-08
1.553373533832996399e-04 4.287318426699107345e-08
1.568273309072030141e-04 4.207272937126068036e-08
1.583316001193148367e-04 4.128721920264803819e-08
1.598502981038190372e-04 4.051637473872367518e-08
1.613835632597935665e-04 3.975992216649115660e-08
1.629315353138246559e-04 3.901759278511928708e-08
1.644943553327393075e-04 3.828912291050066818e-08
1.660721657364607612e-04 3.757425378158560398e-08
1.676651103109873698e-04 3.687273146847271982e-08
1.692733342214958062e-04 3.618430678220678930e-08
1.708969840255699019e-04 3.550873518626610075e-08
1.725362076865564998e-04 3.484577670969436465e-08
1.741911545870495953e-04 3.419519586186436389e-08
1.758619755425025759e-04 3.355676154882628356e-08
1.775488228149741158e-04 3.293024699122355453e-08
1.792518501270011391e-04 3.231542964373693647e-08
1.809712126756103981e-04 3.171209111603124394e-08
1.827070671464586381e-04 3.112001709518417488e-08
1.844595717281144671e-04 3.053899726955686213e-08
1.862288861264711976e-04 2.996882525409325687e-08
1.880151715793029114e-04 2.940929851700286924e-08
1.898185908709572149e-04 2.886021830782537356e-08
1.916393083471898623e-04 2.832138958682862881e-08
1.934774899301417350e-04 2.779262095572932777e-08
1.953333031334591790e-04 2.727372458970696958e-08
1.972069170775597345e-04 2.676451617068398761e-08
1.990985025050438794e-04 2.626481482185653489e-08
2.010082317962551745e-04 2.577444304344273364e-08
2.029362789849882922e-04 2.529322664963377127e-08
2.048828197743508134e-04 2.482099470672029092e-08
2.068480315527721500e-04 2.435757947236694846e-08
2.088320934101722251e-04 2.390281633604202784e-08
2.108351861542785797e-04 2.345654376054342493e-08
2.128574923271068695e-04 2.301860322461705229e-08
2.148991962215925805e-04 2.258883916664771342e-08
2.169604838983881390e-04 2.216709892939828617e-08
2.190415432028175848e-04 2.175323270578909899e-08
2.211425637819949841e-04 2.134709348568241436e-08
2.232637371021072362e-04 2.094853700366204354e-08
2.254052564658621117e-04 2.055742168778932570e-08
2.275673170301041799e-04 2.017360860931541374e-08
2.297501158235994102e-04 1.979696143333185105e-08
2.319538517649905637e-04 1.942734637034247850e-08
2.341787256809235620e-04 1.906463212874032670e-08
2.364249403243514768e-04 1.870868986817140133e-08
2.386927003930077893e-04 1.835939315376816957e-08
2.409822125480643178e-04 1.801661791123993275e-08
2.432936854329605287e-04 1.768024238279842646e-08
2.456273296924210399e-04 1.735014708390889070e-08
2.479833579916479501e-04 1.702621476084811096e-08
2.503619850357039346e-04 1.670833034905514637e-08
2.527634275890768630e-04 1.639638093225606088e-08
2.551879044954340442e-04 1.609025570235792889e-08
2.576356366975653123e-04 1.578984592008961638e-08
2.601068472575176907e-04 1.549504487637335286e-08
2.626017613769228280e-04 1.520574785441772068e-08
2.651206064175199687e-04 1.492185209252499749e-08
2.676636119218753283e-04 1.464325674758705041e-08
2.702310096342994431e-04 1.436986285926821706e-08
2.728230335219685668e-04 1.410157331484866701e-08
2.754399197962424163e-04 1.383829281473389684e-08
2.780819069341941498e-04 1.357992783859959910e-08
2.807492357003387546e-04 1.332638661217359441e-08
2.834421491685781120e-04 1.307757907463604958e-08
2.861608927443483742e-04 1.283341684662974312e-08
2.889057141869865678e-04 1.259381319886477086e-08
2.916768636323078569e-04 1.235868302131436474e-08
2.944745936154005142e-04 1.212794279297865714e-08
2.972991590936394676e-04 1.190151055222115195e-08
3.001508174699206986e-04 1.167930586765213249e-08
3.030298286161185522e-04 1.146124980955975057e-08
3.059364548967665560e-04 1.124726492187328563e-08
3.088709611929698782e-04 1.103727519464918191e-08
3.118336149265395056e-04 1.083120603707216611e-08
3.148246860843671681e-04 1.062898425095915350e-08
3.178444472430246395e-04 1.043053800475845494e-08
3.208931735936082844e-04 1.023579680803465961e-08
3.239711429668124800e-04 1.004469148643060585e-08
3.270786358582532726e-04 9.857154157094420924e-09
3.302159354540252448e-04 9.673118204567733979e-09
3.333833276565118160e-04 9.492518257121980896e-09
3.365811011104379155e-04 9.315290163537510563e-09
3.398095472291745708e-04 9.141370970317448986e-09
3.430689602212954096e-04 8.970698899324596805e-09
3.463596371173878409e-04 8.803213325837055564e-09
3.496818777971218975e-04 8.638854757015191046e-09
3.530359850165766837e-04 8.477564810767717863e-09
3.564222644358340259e-04 8.319286195013709102e-09
3.598410246468285363e-04 8.163962687332280684e-09
3.632925772014748526e-04 8.011539114991686951e-09
3.667772366400538948e-04 7.861961335351198412e-09
3.702953205198827478e-04 7.715176216628983758e-09
3.738471494442480061e-04 7.571131619028730183e-09
3.774330470916267030e-04 7.429776376220161344e-09
3.810533402451811089e-04 7.291060277162331529e-09
3.847083588225388919e-04 7.154934048268763785e-09
3.883984359058587489e-04 7.021349335903097998e-09
3.921239077721838380e-04 6.890258689207674196e-09
3.958851139240871322e-04 6.761615543246703393e-09
3.996823971206100502e-04 6.635374202465361880e-09
4.035161034084985918e-04 6.511489824457893709e-09
4.073865821537366537e-04 6.389918404040179346e-09
4.112941860733881254e-04 6.270616757616587058e-09
4.152392712677341054e-04 6.153542507842999627e-09
4.192221972527306073e-04 6.038654068571979960e-09
4.232433269927649640e-04 5.925910630081945863e-09
4.273030269337393353e-04 5.815272144580554352e-09
4.314016670364586052e-04 5.706699311979668383e-09
4.355396208103498286e-04 5.600153565935152085e-09
4.397172653474976144e-04 5.495597060147878035e-09
4.439349813570094851e-04 5.392992654920280411e-09
4.481931531997095878e-04 5.292303903963466115e-09
4.524921689231657424e-04 5.193495041451767876e-09
4.568324202970519966e-04 5.096530969317856364e-09
4.612143028488509158e-04 5.002098814324286620e-09
4.656382158998983176e-04 4.911035954896435233e-09
4.701045626017711569e-04 4.822999981747889613e-09
4.746137499730320049e-04 4.737659547618145644e-09
4.791661889363134255e-04 4.654703492013280787e-09
4.837622943557732570e-04 4.573839495567673707e-09
4.884024850748933154e-04 4.494792919435262005e-09
4.930871839546566463e-04 4.417305812262974734e-09
4.978168179120750830e-04 4.341136068852961706e-09
5.025918179591000153e-04 4.266056725910451479e-09
5.074126192418983725e-04 4.191855381342898084e-09
5.122796610805071009e-04 4.118333724450174839e-09
5.171933870088694972e-04 4.045307165054900028e-09
5.221542448152535071e-04 3.972604550179383954e-09
5.271626865830595764e-04 3.900067957316453385e-09
5.322191687320184912e-04 3.827552553676223977e-09
5.373241520597858180e-04 3.754926511044949911e-09
5.424781017839312106e-04 3.682070966081631648e-09
5.476814875843403650e-04 3.608880016024029142e-09
5.529347836460085869e-04 3.535260739891001210e-09
5.582384687022616445e-04 3.461133235376743191e-09
5.635930260783746310e-04 3.386430661744751699e-09
5.689989437356259179e-04 3.311099279164456147e-09
5.744567143157565999e-04 3.234529071301138756e-09
5.799668351858716436e-04 3.153455277292551467e-09
5.855298084837617066e-04 3.068498968109003561e-09
5.911461411636639504e-04 2.980950920386311640e-09
5.968163450424604369e-04 2.892005130500125230e-09
6.025409368463202891e-04 2.802751104035573089e-09
6.083204382577895187e-04 2.714170313137104685e-09
6.141553759633291715e-04 2.627136272297293372e-09
6.200462817013185956e-04 2.542417662424959699e-09
6.259936923105039906e-04 2.460683943605562417e-09
6.319981497789302956e-04 2.382512932058012439e-09
6.380602012933224779e-04 2.308399869958949146e-09
6.441803992889612177e-04 2.238767582303559958e-09
6.503593015000156937e-04 2.173977387990275499e-09
6.565974710103808466e-04 2.114340509085546413e-09
6.628954763049806336e-04 2.060129800076442590e-09
6.692538913215822670e-04 2.011591696257970776e-09
6.756732955030951993e-04 1.968958356678018182e-09
6.821542738503768655e-04 1.932460052709065495e-09
6.886974169755437705e-04 1.901678371525022407e-09
6.953033211557939960e-04 1.874817402452468448e-09
7.019725883877466540e-04 1.851307911836745333e-09
7.087058264422983972e-04 1.830688225488919024e-09
7.155036489200173678e-04 1.812526844166630063e-09
7.223666753070501906e-04 1.796416818046010781e-09
7.292955310315871143e-04 1.781971118853687549e-09
7.362908475208457260e-04 1.768818905148890112e-09
7.433532622586248471e-04 1.756602600269358250e-09
7.504834188433869794e-04 1.744975721150001978e-09
7.576819670469184123e-04 1.733601410269285510e-09
7.649495628735383714e-04 1.722151632868206294e-09
7.722868686198823595e-04 1.710307007690321250e-09
7.796945529352565475e-04 1.697757242087062554e-09
7.871732908825722136e-04 1.684202141658967024e-09
7.947237639998645667e-04 1.669353160886057720e-09
8.023466603624007263e-04 1.652935454685515444e-09
8.100426746453852052e-04 1.634690381822778822e-09
8.178125081872620293e-04 1.614378431322057956e-09
8.256568690536358283e-04 1.592364044897064194e-09
8.335764721017867437e-04 1.569247343975193527e-09
8.415720390458276187e-04 1.545179832654603843e-09
8.496442985224612931e-04 1.520308822462462722e-09
8.577939861573942752e-04 1.494776708552214009e-09
8.660218446323620116e-04 1.468720363800993785e-09
8.743286237528187727e-04 1.442270646856944895e-09
8.827150805162629899e-04 1.415552018990141554e-09
8.911819791812239551e-04 1.388682263640969824e-09
8.997300913369081499e-04 1.361772301826790386e-09
9.083601959735143096e-04 1.334926096044184970e-09
9.170730795532235123e-04 1.308240634977177320e-09
9.258695360818687374e-04 1.281805991170312363e-09
9.347503671812938675e-04 1.255705443829072360e-09
9.437163821624012681e-04 1.230015659053139753e-09
9.527683980989141814e-04 1.204806920063634828e-09
9.619072399018227092e-04 1.180143400341158307e-09
9.711337403945735592e-04 1.156083473024935345e-09
9.804487403889494516e-04 1.132680050417993054e-09
9.898530887617082268e-04 1.109980947986274314e-09
9.993476425319261416e-04 1.088029267813699055e-09
1.008933266939109324e-03 1.066863797072042172e-09
1.018610835522037929e-03 1.046519417670806966e-09
1.028381230198372603e-03 1.026940069102325271e-09
1.038245341345023567e-03 1.007766797509807444e-09
1.048204067879291877e-03 9.889514965085672538e-10
1.058258317340786533e-03 9.704874826828934898e-10
1.068409005974129159e-03 9.523681973984354294e-10
1.078657058812451447e-03 9.345872044724480219e-10
1.089003409761693823e-03 9.171381878876163596e-10
1.099449001685711205e-03 9.000149495484721957e-10
1.109994786492199490e-03 8.832114070798223450e-10
1.120641725219436065e-03 8.667215916662354354e-10
1.131390788123867947e-03 8.505396459317733741e-10
1.142242954768525869e-03 8.346598218594200382e-10
1.153199214112293368e-03 8.190764787493460960e-10
1.164260564600030435e-03 8.037840812152391283e-10
1.175428014253562152e-03 7.887771972180152827e-10
1.186702580763540106e-03 7.740504961364038478e-10
1.198085291582183954e-03 7.595987468733922781e-10
1.209577184016913561e-03 7.454168159980424966e-10
1.221179305324878849e-03 7.314996659221122682e-10
1.232892712808396699e-03 7.178423531105692656e-10
1.244718473911302472e-03 7.044400263256864961e-10
1.256657666316226586e-03 6.912879249037056907e-10
1.268711378042805451e-03 6.783813770638689942e-10
1.280880707546827200e-03 6.657115587331592337e-10
1.293166763820341502e-03 6.531037283848480859e-10
1.305570666492717391e-03 6.405082235910016859e-10
1.318093545932677102e-03 6.279773809109261861e-10
1.330736543351305036e-03 6.155598691210586972e-10
1.343500810906047681e-03 6.033007494136933544e-10
1.356387511805709923e-03 5.912415705707404380e-10
1.369397820416457705e-03 5.794204946450996921e-10
1.382532922368837677e-03 5.678724488985282400e-10
1.395794014665825526e-03 5.566293000163854700e-10
1.409182305791907563e-03 5.457200469332070638e-10
1.422699015823210072e-03 5.351710289491393699e-10
1.436345376538685327e-03 5.250061461875019568e-10
1.450122631532364034e-03 5.152470898283601439e-10
1.464032036326685026e-03 5.059135799476825707e-10
1.478074858486905490e-03 4.970236091901556031e-10
1.492252377736622915e-03 4.885936909020520001e-10
1.506565886074390801e-03 4.806391107474066653e-10
1.521016687891460191e-03 4.731741812236966076e-10
1.535606100090648567e-03 4.661997282430875486e-10
1.550335452206349530e-03 4.596141458323422050e-10
1.565206086525693487e-03 4.533684305035141889e-10
1.580219358210869932e-03 4.474340139471105661e-10
1.595376635422624369e-03 4.417838771435179371e-10
1.610679299444937873e-03 4.363924094608268359e-10
1.626128744810904046e-03 4.312352829010143458e-10
1.641726379429813776e-03 4.262893401936099353e-10
1.657473624715456468e-03 4.215324955893750687e-10
1.673371915715656834e-03 4.169436473394547628e-10
1.689422701243043119e-03 4.125026009615316743e-10
1.705627444007088182e-03 4.081900024935385557e-10
1.721987620747399790e-03 4.039872810221827543e-10
1.738504722368296781e-03 3.998765998455446177e-10
1.755180254074676510e-03 3.958408156911880473e-10
1.772015735509183338e-03 3.918634454619909408e-10
1.789012700890694205e-03 3.879286400235122099e-10
1.806172699154132144e-03 3.840211645798049177e-10
1.823497294091620943e-03 3.801263852095814955e-10
1.840988064494993330e-03 3.762302611526929574e-10
1.858646604299666553e-03 3.723193424481084061e-10
1.876474522729897716e-03 3.683807725303884463e-10
1.894473444445433615e-03 3.644022953916313913e-10
1.912645009689563748e-03 3.603722474257262124e-10
1.930990874438600789e-03 3.562341703931006650e-10
1.949512710552778975e-03 3.519648194942626612e-10
1.968212205928625280e-03 3.475960878996627177e-10
1.987091064652768239e-03 3.431586468822809624e-10
2.006151007157233428e-03 3.386818751262108466e-10
2.025393770376227552e-03 3.341938135315174741e-10
2.044821107904424163e-03 3.297211438166787473e-10
2.064434790156770283e-03 3.252891891426956211e-10
2.084236604529822630e-03 3.209219349572765874e-10
2.104228355564635982e-03 3.166420682790402125e-10
2.124411865111208025e-03 3.124710337044097194e-10
2.144788972494507135e-03 3.084291045182477189e-10
2.165361534682088730e-03 3.045354674197424780e-10
2.186131426453321019e-03 3.008083195311358106e-10
2.207100540570235310e-03 2.972649765366440137e-10
2.228270787950014341e-03 2.939219909977464211e-10
2.249644097839125119e-03 2.907952801073183441e-10
2.271222417989146158e-03 2.879002623764279426e-10
2.293007714834255709e-03 2.852520029937421945e-10
2.315001973670436936e-03 2.828653678579299103e-10
2.337207198836397000e-03 2.807551865594720034e-10
2.359625413896223028e-03 2.789364248817196019e-10
2.382258661823788860e-03 2.774243677044890521e-10
2.405109005188932943e-03 2.761746280212336720e-10
2.428178526345419527e-03 2.749548984153200844e-10
2.451469327620703961e-03 2.737492124269296750e-10
2.474983531507517730e-03 2.725676683128717544e-10
2.498723280857290986e-03 2.714201915832690820e-10
2.522690739075433407e-03 2.703165457658889259e-10
2.546888090318483351e-03 2.692663467292256664e-10
2.571317539693145256e-03 2.682790804732153092e-10
2.595981313457252151e-03 2.673641243135694593e-10
2.620881659222637668e-03 2.665307714052906041e-10
2.646020846159960905e-03 2.657882585743074505e-10
2.671401165205498918e-03 2.651457974530945205e-10
2.697024929269918082e-03 2.646126089456480605e-10
2.722894473449050806e-03 2.641979610813363419e-10
2.749012155236691454e-03 2.639112103537212841e-10
2.775380354739437078e-03 2.637618466816727395e-10
2.802001474893585104e-03 2.637595421751448281e-10
2.828877941684114841e-03 2.639142039374956414e-10
2.856012204365765850e-03 2.642360311908566234e-10
2.883406735686238741e-03 2.647355770713951294e-10
2.911064032111539222e-03 2.654238155077257200e-10
2.938986614053481876e-03 2.663122136695994363e-10
2.967177026099363651e-03 2.674128105560354774e-10
2.995637837243872968e-03 2.687383023836449298e-10
3.024371641123186315e-03 2.703021355381984848e-10
3.053381056251332996e-03 2.721186079678508604e-10
3.082668726258818923e-03 2.742029800257713631e-10
3.112237320133540673e-03 2.765715959168758172e-10
3.142089532464011504e-03 2.792060994083592821e-10
3.172228083684919698e-03 2.819051847424300369e-10
3.202655720325040065e-03 2.846406181031796599e-10
3.233375215257527652e-03 2.874198543890440908e-10
3.264389367952607972e-03 2.902506288483921924e-10
3.295701004732695411e-03 2.931409689733320773e-10
3.327312979029952832e-03 2.960992085368986361e-10
3.359228171646328354e-03 2.991340039116059705e-10
3.391449491016084502e-03 3.022543528178059630e-10
3.423979873470831426e-03 3.054696156631843242e-10
3.456822283507134455e-03 3.087895396494244616e-10
3.489979714056656510e-03 3.122242858387437128e-10
3.523455186758906940e-03 3.157844593924698417e-10
3.557251752236604593e-03 3.194811432157322828e-10
3.591372490373678956e-03 3.233259352670166376e-10
3.625820510595944082e-03 3.273309898197790694e-10
3.660598952154456558e-03 3.315090629945021016e-10
3.695710984411600033e-03 3.358735629156837945e-10
3.731159807129906265e-03 3.404386048876991217e-10
3.766948650763649997e-03 3.452190720289493620e-10
3.803080776753242805e-03 3.502306818536935744e-10
3.839559477822446307e-03 3.554900593477944929e-10
3.876388078278443332e-03 3.610148171477967135e-10
3.913569934314765734e-03 3.668236435043131970e-10
3.951108434317168218e-03 3.729363987902089045e-10
3.989006999172399134e-03 3.793742214041278557e-10
4.027269082579946341e-03 3.861596440208318350e-10
4.065898171366774151e-03 3.933167212529570586e-10
4.104897785805080440e-03 4.009448826165000122e-10
4.144271479933096455e-03 4.097310904876645748e-10
4.184022841878967496e-03 4.197932520335401530e-10
4.224155494187742214e-03 4.310755982251280906e-10
4.264673094151490498e-03 4.435188089266087761e-10
4.305579334142595888e-03 4.570570636307809877e-10
4.346877941950241624e-03 4.716151545320067457e-10
4.388572681120123282e-03 4.871056716602576076e-10
4.430667351297422688e-03 5.034262906263415774e-10
4.473165788573071726e-03 5.204572145024139292e-10
4.516071865833321680e-03 5.380588422481825064e-10
4.559389493112702210e-03 5.560697563378197480e-10
4.603122617950328350e-03 5.743051409674158677e-10
4.647275225749643128e-03 5.925557582234134321e-10
4.691851340141607943e-03 6.105876213685002241e-10
4.736855023351378008e-03 6.281425102074029013e-10
4.782290376568489737e-03 6.449394714313178300e-10
4.828161540320605183e-03 6.606774349896920750e-10
4.874472694850838679e-03 6.750390541442794914e-10
4.921228060498702116e-03 6.878781377385112559e-10
4.968431898084704409e-03 6.996361351027348227e-10
5.016088509298641598e-03 7.104092969469851484e-10
5.064202237091609653e-03 7.202658564147982194e-10
5.112777466071780769e-03 7.292843852624407099e-10
5.161818622903957023e-03 7.375526124608303171e-10
5.211330176713001999e-03 7.451663040043516512e-10
5.261316639491088812e-03 7.522282347214480584e-10
5.311782566508887679e-03 7.588472787524505450e-10
5.362732556730685253e-03 7.651376414390539068e-10
5.414171253233490341e-03 7.712182518426546338e-10
5.466103343630158984e-03 7.772123321328924324e-10
5.518533560496571844e-03 7.832471577938337471e-10
5.571466681802920290e-03 7.894540210898281564e-10
5.624907531349120256e-03 7.959684096088277798e-10
5.678860979204405912e-03 8.029304120393177478e-10
5.733331942151140455e-03 8.104853647175302194e-10
5.788325384132879566e-03 8.187847549951657760e-10
5.843846316706741324e-03 8.279874012290123915e-10
5.899899799500111196e-03 8.382609343207737577e-10
5.956490940671705508e-03 8.497836124164064194e-10
6.013624897377111388e-03 8.627465088475439578e-10
6.071306876238738090e-03 8.773561239746888098e-10
6.129542133820300304e-03 8.937844978262269182e-10
6.188335977105850760e-03 9.110128801633042179e-10
6.247693763983404661e-03 9.285733527958322780e-10
6.307620903733207086e-03 9.464723170191954523e-10
6.368122857520677228e-03 9.647162975186606286e-10
6.429205138894090142e-03 9.833119447478123477e-10
6.490873314287022057e-03 1.002266037352833270e-09
6.553133003525620816e-03 1.021585484643514555e-09
6.615989880340744818e-03 1.041277329111898821e-09
6.679449672885005157e-03 1.061348748999467844e-09
6.743518164254776875e-03 1.081807060913819865e-09
6.808201193017219231e-03 1.102659722495782775e-09
6.873504653742314521e-03 1.123914335137930584e-09
6.939434497540085053e-03 1.145578646755519986e-09
7.005996732602889389e-03 1.167660554610821210e-09
7.073197424752958318e-03 1.190168108191897635e-09
7.141042697995168831e-03 1.213109512146872472e-09
7.209538735075132418e-03 1.236493129274761976e-09
7.278691778042621109e-03 1.260327483573952612e-09
7.348508128820414528e-03 1.284621263349444225e-09
7.418994149778587038e-03 1.309383324379983986e-09
7.490156264314315644e-03 1.334622693146253919e-09
7.562000957437244215e-03 1.360348570121280602e-09
7.634534776360460406e-03 1.386570333124270605e-09
7.707764331097146857e-03 1.414837605910718853e-09
7.781696295062958714e-03 1.448004510496714301e-09
7.856337405684140490e-03 1.486087340981751432e-09
7.931694465011558323e-03 1.529049050331383148e-09
8.007774340340534022e-03 1.576858505912399583e-09
8.084583964836678655e-03 1.629482949780390528e-09
8.162130338167703988e-03 1.686880299079278456e-09
8.240420527141309806e-03 1.748991200722624720e-09
8.319461666349177442e-03 1.815730790039040959e-09
8.399260958817147613e-03 1.886980140844815106e-09
8.479825676661636308e-03 1.962577435444607003e-09
8.561163161752335590e-03 2.042308927968786188e-09
8.643280826381289500e-03 2.125899823442404654e-09
8.726186153938364151e-03 2.213005247765236050e-09
8.809886699593219572e-03 2.303201539528705474e-09
8.894390090983811045e-03 2.395978151838076449e-09
8.979704028911501476e-03 2.490730508877090467e-09
9.065836288042803878e-03 2.586754214948147610e-09
9.152794717617941320e-03 2.683241059507455405e-09
9.240587242166108106e-03 2.779277295967680122e-09
9.329221862227649043e-03 2.873844689896692255e-09
9.418706655083144627e-03 2.965824828481828490e-09
9.509049775489494122e-03 3.054007152517366828e-09
9.600259456423064150e-03 3.137708736165760282e-09
9.692344009829954865e-03 3.221400932638534378e-09
9.785311827383468691e-03 3.306285064726173442e-09
9.879171381248849290e-03 3.392389206791571238e-09
9.973931224855344529e-03 3.479744946184642397e-09
1.006959999367568713e-02 3.568387549818636478e-09
1.016618640601303983e-02 3.658356134826493095e-09
1.026369926379550220e-02 3.749693843971849002e-09
1.036214745337823116e-02 3.842448026551667469e-09
1.046153994635322902e-02 3.936670425591427050e-09
1.056188580036697064e-02 4.032417372204836365e-09
1.066319415994580050e-02 4.129749988059858926e-09
1.076547425732927478e-02 4.228734396964260276e-09
1.086873541331150050e-02 4.329441946667533014e-09
1.097298703809054116e-02 4.431949442054205620e-09
1.107823863212596162e-02 4.536339390991234561e-09
1.118449978700462172e-02 4.642700264188460490e-09
1.129178018631473573e-02 4.751126770526731445e-09
1.140008960652836266e-02 4.861720149415748359e-09
1.150943791789231681e-02 4.974588481860648215e-09
1.161983508532765663e-02 5.089847022034440912e-09
1.173129116933778471e-02 5.207618551292843807e-09
1.184381632692527338e-02 5.328033756707976314e-09
1.195742081251742646e-02 5.451231636355254315e-09
1.207211497890083897e-02 5.577359933761704916e-09
1.218790927816479873e-02 5.706575604104823198e-09
1.230481426265379701e-02 5.839045314958360069e-09
1.242284058592916726e-02 5.974945984602917874e-09
1.254199900373993877e-02 6.114465361160428820e-09
1.266230037500301955e-02 6.257802646079580441e-09
1.278375566279276072e-02 6.405169165791684661e-09
1.290637593534002883e-02 6.556789095676075663e-09
1.303017236704084869e-02 6.712900240825982115e-09
1.315515623947473116e-02 6.873754878495205430e-09
1.328133894243276568e-02 7.039620667528435638e-09
1.340873197495556952e-02 7.210781630550459968e-09
1.353734694638119782e-02 7.387539215202906399e-09
1.366719557740311841e-02 7.570213441284645076e-09
1.379828970113826034e-02 7.757884978914872161e-09
1.393064126420545494e-02 7.949238318281988990e-09
1.406426232781407375e-02 8.144490045793804661e-09
1.419916506886318396e-02 8.343878641554664949e-09
1.433536178105122502e-02 8.547660557762277758e-09
1.447286487599634339e-02 8.756111155496657175e-09
1.461168688436745300e-02 8.969525717887211250e-09
1.475184045702616735e-02 9.188220547704473824e-09
1.489333836617966374e-02 9.412534158071012212e-09
1.503619350654462374e-02 9.642828565740517315e-09
1.518041889652232794e-02 9.879490697196545511e-09
1.532602767938501601e-02 1.012293391873012969e-08
1.547303312447364555e-02 1.037359970266253448e-08
1.562144862840712453e-02 1.063195944298226254e-08
1.577128771630315757e-02 1.089851643491984006e-08
1.592256404301073403e-02 1.117380803435021317e-08
1.607529139435458568e-02 1.145840801446026866e-08
1.622948368839142660e-02 1.175292913882613575e-08
1.638515497667833443e-02 1.205802597196304850e-08
1.654231944555325032e-02 1.237439795054260811e-08
1.670099141742779209e-02 1.270279274085907250e-08
1.686118535209246705e-02 1.304400991079118888e-08
1.702291584803436800e-02 1.339890494748954163e-08
1.718619764376756037e-02 1.376839365535631063e-08
1.735104561917618846e-02 1.415345697261503720e-08
1.751747479687048789e-02 1.455514624896894064e-08
1.768550034355579476e-02 1.497458903152047967e-08
1.785513757141468996e-02 1.541299541141122022e-08
1.802640193950241429e-02 1.588616215965672354e-08
1.819930905515558181e-02 1.642115547947899255e-08
1.837387467541459762e-02 1.701930284996043081e-08
1.855011470845950930e-02 1.768148571131622016e-08
1.872804521505974651e-02 1.840857962306730906e-08
1.890768241003774539e-02 1.920135810826796901e-08
1.908904266374658945e-02 2.006038938524575876e-08
1.927214250356186834e-02 2.098592505523903465e-08
1.945699861538779593e-02 2.197778027559686940e-08
1.964362784517780305e-02 2.303520548435457202e-08
1.983204720046971570e-02 2.415675036605164643e-08
2.002227385193566106e-02 2.534012146844789164e-08
2.021432513494680894e-02 2.658203569663328808e-08
2.040821855115316705e-02 2.787807281772274161e-08
2.060397177007849620e-02 2.922253108878632018e-08
2.080160263073056390e-02 3.060829114358496406e-08
2.100112914322672941e-02 3.202669429762905520e-08
2.120256949043532527e-02 3.346744239895019522e-08
2.140594202963258530e-02 3.491852719246147761e-08
2.161126529417557729e-02 3.636619779394889230e-08
2.181855799519112279e-02 3.779497519009356652e-08
2.202783902328097135e-02 3.918772259161352762e-08
2.223912745024328452e-02 4.052577986598697779e-08
2.245244253081065886e-02 4.179739189226180926e-08
2.266780370440480211e-02 4.305781558715356905e-08
2.288523059690807104e-02 4.432229842552724428e-08
2.310474302245194705e-02 4.559214957279006938e-08
2.332636098522273410e-02 4.686897156735825384e-08
2.355010468128451370e-02 4.815466705440897588e-08
2.377599450041965531e-02 4.945144598566331932e-08
2.400405102798683354e-02 5.076183359182101157e-08
2.423429504679712812e-02 5.208867945091453948e-08
2.446674753900785274e-02 5.343516799353938424e-08
2.470142968803469910e-02 5.480483080518772515e-08
2.493836288048217192e-02 5.620156110791308104e-08
2.517756870809256461e-02 5.762963082886782449e-08
2.541906896971360061e-02 5.909371069327161865e-08
2.566288567328497972e-02 6.059889381490312923e-08
2.590904103784395091e-02 6.215072329973578985e-08
2.615755749555014401e-02 6.375522442911785891e-08
2.640845769372981294e-02 6.541894204954406854e-08
2.666176449693968484e-02 6.714898386845419128e-08
2.691750098905060923e-02 6.895307044153356379e-08
2.717569047535119825e-02 7.083959273923304270e-08
2.743635648467166593e-02 7.281767830138493095e-08
2.769952277152789091e-02 7.489726713208651764e-08
2.796521331828635132e-02 7.708919863176809980e-08
2.823345233734951901e-02 7.940222248382957029e-08
2.850426427336236537e-02 8.184010089813587671e-08
2.877767380544000303e-02 8.440697394130492573e-08
2.905370584941670276e-02 8.710708679121315312e-08
2.933238556011646958e-02 8.994477490736071477e-08
2.961373833364540700e-02 9.292444743520572586e-08
2.989778980970606362e-02 9.605056868352844257e-08
3.018456587393398075e-02 9.932763751448858760e-08
3.047409266025665961e-02 1.027601644878877625e-07
3.076639655327513892e-02 1.063526466048088403e-07
3.106150419066842916e-02 1.101095395011922072e-07
3.135944246562101523e-02 1.140352269495710775e-07
3.166023852927365989e-02 1.181339875373977208e-07
3.196391979319754273e-02 1.224099584032117725e-07
3.227051393189250827e-02 1.268670959281308405e-07
3.258004888530889598e-02 1.315091332993444571e-07
3.289255286139373957e-02 1.363395348856787649e-07
3.320805433866137052e-02 1.413614473922037281e-07
3.352658206878864761e-02 1.465776477923812638e-07
3.384816507923513185e-02 1.519904880718446958e-07
3.417283267588833162e-02 1.576018368586014566e-07
3.450061444573437885e-02 1.634130180594168678e-07
3.483154025955425420e-02 1.694247466723672115e-07
3.516564027464594983e-02 1.756423429269550076e-07
3.550294493757270159e-02 1.820944126077938927e-07
3.584348498693756130e-02 1.887981682349918690e-07
3.618729145618467674e-02 1.957698132239538126e-07
3.653439567642721708e-02 2.030268640455614441e-07
3.688482927930276239e-02 2.105882582779923113e-07
3.723862419985583122e-02 2.184744732329206105e-07
3.759581267944806654e-02 2.267076563388042226e-07
3.795642726869646183e-02 2.353117686022461581e-07
3.832050083043968963e-02 2.443127426241113878e-07
3.868806654273285878e-02 2.537386568234143759e-07
3.905915790187108189e-02 2.636199277211502200e-07
3.943380872544196419e-02 2.739895223618814795e-07
3.981205315540740225e-02 2.848831932068365347e-07
4.019392566121496313e-02 2.963397381225049139e-07
4.057946104293909395e-02 3.084012884186203543e-07
4.096869443445241149e-02 3.211136282646716702e-07
4.136166130662750212e-02 3.345265492408579944e-07
4.175839747056939860e-02 3.486942442667375809e-07
4.215893908087891412e-02 3.639443477905962615e-07
4.256332263894761075e-02 3.807818451560848472e-07
4.297158499628406236e-02 3.992371982655732778e-07
4.338376335787215432e-02 4.193256187067692373e-07
4.379989528556157280e-02 4.410517481132398183e-07
4.422001870149081665e-02 4.644057358146211268e-07
4.464417189154306492e-02 4.893590227148548671e-07
4.507239350883515683e-02 5.158598709485587595e-07
4.550472257724005876e-02 5.438287107628351714e-07
4.594119849494310293e-02 5.731534122651266688e-07
4.638186103803236537e-02 6.036846295049349479e-07
4.682675036412345393e-02 6.352314065536715258e-07
4.727590701601906698e-02 6.675572778388534667e-07
4.772937192540369772e-02 7.003771352408407545e-07
4.818718641657373375e-02 7.333551688556239180e-07
4.864939221020319476e-02 7.661042126396320501e-07
4.911603142714601744e-02 7.981868356006501570e-07
4.958714659227433930e-02 8.291185087392354479e-07
5.006278063835385012e-02 8.583887566026035771e-07
5.054297690995623871e-02 8.869339297899333712e-07
5.102777916740920683e-02 9.155838141240928828e-07
5.151723159078433478e-02 9.443646924767557177e-07
5.201137878392324276e-02 9.733104431272048046e-07
5.251026577850231164e-02 1.002462742494352448e-06
5.301393803813644195e-02 1.031871275194108724e-06
5.352244146252214257e-02 1.061593960479839754e-06
5.403582239162039308e-02 1.091697204698627782e-06
5.455412760987960602e-02 1.122256189988941285e-06
5.507740435049912620e-02 1.153355210080227560e-06
5.560570029973341266e-02 1.185088064763222211e-06
5.613906360123798595e-02 1.217558525412135952e-06
5.667754286045657841e-02 1.250880884893727616e-06
5.722118714905059106e-02 1.285180606332588703e-06
5.777004600937098167e-02 1.320595086560446836e-06
5.832416945897309080e-02 1.357274551711234529e-06
5.888360799517473182e-02 1.395383104387386629e-06
5.944841259965803065e-02 1.435099944183309194e-06
6.001863474311536217e-02 1.476495455512028555e-06
6.059432638993989678e-02 1.518488332342968271e-06
6.117554000296113875e-02 1.560879114216832811e-06
6.176232854822582413e-02 1.603803326164233755e-06
6.235474549982475412e-02 1.647413213661675524e-06
6.295284484476590392e-02 1.691878376518160089e-06
6.355668108789427895e-02 1.737386564910450567e-06
6.416630925685873343e-02 1.784144669150803982e-06
6.478178490712702131e-02 1.832379937368535337e-06
6.540316412704828830e-02 1.882341458540684425e-06
6.603050354296452484e-02 1.934301952376289877e-06
6.666386032437088272e-02 1.988559912612799709e-06
6.730329218912552147e-02 2.045442156526869280e-06
6.794885740870951207e-02 2.105306841126872961e-06
6.860061481353706136e-02 2.168547015868541282e-06
6.925862379831676519e-02 2.235594793145226226e-06
6.992294432746422317e-02 2.306926231663197851e-06
7.059363694056661198e-02 2.383067044608201831e-06
7.127076275789971660e-02 2.464599264844936922e-06
7.195438348599771106e-02 2.555912758907488939e-06
7.264456142327667398e-02 2.670169345273102421e-06
7.334135946571147813e-02 2.808176611447539630e-06
7.404484111256798284e-02 2.969643343465835628e-06
7.475507047218941936e-02 3.154131987279680640e-06
7.547211226783866189e-02 3.360876523454453872e-06
7.619603184359645398e-02 3.588589705192929611e-06
7.692689517031627011e-02 3.835262050381063736e-06
7.766476885163618726e-02 4.097959826670124339e-06
7.840972013004850194e-02 4.372634710945489714e-06
7.916181689302755065e-02 4.653963556225413441e-06
7.992112767921628891e-02 4.935242166376204233e-06
8.068772168467223949e-02 5.208361235132160923e-06
8.146166876917330935e-02 5.463894423006097892e-06
8.224303946258415543e-02 5.697863306495427656e-06
8.303190497128354330e-02 5.931014917068720052e-06
8.382833718465350359e-02 6.166058632447825472e-06
8.463240868163021680e-02 6.403110391442016358e-06
8.544419273731876374e-02 6.642355198564946869e-06
8.626376332967020111e-02 6.884050241208558251e-06
8.709119514622343239e-02 7.128527965992377161e-06
8.792656359091131912e-02 7.376199205682808687e-06
8.876994479093236468e-02 7.627556457716445404e-06
8.962141560368819260e-02 7.883177424918816050e-06
9.048105362378747185e-02 8.143728938771832725e-06
9.134893719011721869e-02 8.409971395925618597e-06
9.222514539298179437e-02 8.682763849982796819e-06
9.310975808131036202e-02 8.963069913367769230e-06
9.400285586993363529e-02 9.251964638889644151e-06
9.490452014693019633e-02 9.550642567996871828e-06
9.581483308104347951e-02 9.860427153414295880e-06
9.673387762916987875e-02 1.018278178864475359e-05
9.766173754391824224e-02 1.051932270662503854e-05
9.859849738124282226e-02 1.087183404572982770e-05
9.954424250814850050e-02 1.124228542457919307e-05
1.004990591104703429e-01 1.163285241924655893e-05
1.014630342007277891e-01 1.204594039925152120e-05
1.024362556260539486e-01 1.248411212263108462e-05
1.034188120762016827e-01 1.294574191586332827e-05
1.044107930916249316e-01 1.342973245839030446e-05
1.054122890716390759e-01 1.393682278798408022e-05
1.064233912826596934e-01 1.446775229079248163e-05
1.074441918665181434e-01 1.502325674596641114e-05
1.084747838488602512e-01 1.560406395276418796e-05
1.095152611476219173e-01 1.621088891914657250e-05
1.105657185815896726e-01 1.684442859259887050e-05
1.116262518790397257e-01 1.750535611610263984e-05
1.126969576864635392e-01 1.819431459487649849e-05
1.137779335773733275e-01 1.891191036277184293e-05
1.148692780611958592e-01 1.965870574107854017e-05
1.159710905922477081e-01 2.043521128698900339e-05
1.170834715788004604e-01 2.124187753418201372e-05
1.182065223922290076e-01 2.207908623386757731e-05
1.193403453762514471e-01 2.294714111128670351e-05
1.204850438562539705e-01 2.384625816002554452e-05
1.216407221487076640e-01 2.477655550466803671e-05
1.228074855706756396e-01 2.573861131623394829e-05
1.239854404494087903e-01 2.673715461732318501e-05
1.251746941320374396e-01 2.777443694406751844e-05
1.263753549953518796e-01 2.885196119785204719e-05
1.275875324556807744e-01 2.997128858592902666e-05
1.288113369788602691e-01 3.113404088343065755e-05
1.300468800903027411e-01 3.234190278312879213e-05
1.312942743851581440e-01 3.359662433635813368e-05
1.325536335385767706e-01 3.490002348864053826e-05
1.338250723160665512e-01 3.625398871367408376e-05
1.351087065839535750e-01 3.766048174951216467e-05
1.364046533199392564e-01 3.912154044089192220e-05
1.377130306237613067e-01 4.063928169183768385e-05
1.390339577279569583e-01 4.221590453280731986e-05
1.403675550087267188e-01 4.385369330682889374e-05
1.417139439969065384e-01 4.555502097925137654e-05
1.430732473890405643e-01 4.732235257589304704e-05
1.444455890585649438e-01 4.915824875457958332e-05
1.458310940670939082e-01 5.106536951523440315e-05
1.472298886758191261e-01 5.304647805392063433e-05
1.486421003570135291e-01 5.510444476638425102e-05
1.500678578056501289e-01 5.724225140691245785e-05
1.515072909511277766e-01 5.946299540854693087e-05
1.529605309691139114e-01 6.176989437092291369e-05
1.544277102934962786e-01 6.416629072218285417e-05
1.559089626284539953e-01 6.665565656177112840e-05
1.574044229606400003e-01 6.924159869110057077e-05
1.589142275714831853e-01 7.192786383939071620e-05
1.604385140496087103e-01 7.471834409224018664e-05
1.619774213033743637e-01 7.761708253079957628e-05
1.635310895735317127e-01 8.062827908974159346e-05
1.650996604460037154e-01 8.375629664245874120e-05
1.666832768647901475e-01 8.700566732237313933e-05
1.682820831449912680e-01 9.038109908946672169e-05
1.698962249859622131e-01 9.388748255156021078e-05
1.715258494845876003e-01 9.752989805024282039e-05
1.731711051486894692e-01 1.013136230216932741e-04
1.748321419105578201e-01 1.052441396430721545e-04
1.765091111406169311e-01 1.093605039599323620e-04
1.782021656612168270e-01 1.137025807742958597e-04
1.799114597605629418e-01 1.182716117952913547e-04
1.816371492067737625e-01 1.230677149396728720e-04
1.833793912620771960e-01 1.280897097082189372e-04
1.851383446971429092e-01 1.333349134813150664e-04
1.869141698055486189e-01 1.387989298295638850e-04
1.887070284183905711e-01 1.444754309276517453e-04
1.905170839190281906e-01 1.503559367351951011e-04
1.923445012579763636e-01 1.564295942229115203e-04
1.941894469679341928e-01 1.626829605659040924e-04
1.960520891789643838e-01 1.690997948851885157e-04
1.979325976338116300e-01 1.756608637754631112e-04
1.998311437033746252e-01 1.823437664912954412e-04
2.017479004023198796e-01 1.891227862491234347e-04
2.036830424048516885e-01 1.959687746105229461e-04
2.056367460606270126e-01 2.028490763099476547e-04
2.076091894108295921e-01 2.097275021430456971e-04
2.096005522043918046e-01 2.165666121293537832e-04
2.116110159143765879e-01 2.233901216117747284e-04
2.136407637545163496e-01 2.302263323134687767e-04
2.156899806959061139e-01 2.370890732915021868e-04
2.177588534838636181e-01 2.439947842149906975e-04
2.198475706549438136e-01 2.509625687463068054e-04
2.219563225541237583e-01 2.580142600385128986e-04
2.240853013521452441e-01 2.651745028979687305e-04
2.262347010630308963e-01 2.724708573993133570e-04
2.284047175617610337e-01 2.799339290235435917e-04
2.305955486021275813e-01 2.875975307396323147e-04
2.328073938347514360e-01 2.954988828866520205e-04
2.350404548252806314e-01 3.036788572609531848e-04
2.372949350727551199e-01 3.121822724979983824e-04
2.395710400281555186e-01 3.210582486917347824e-04
2.418689771131224686e-01 3.303606302510625763e-04
2.441889557388604859e-01 3.401484872931330060e-04
2.465311873252230834e-01 3.504867074680698634e-04
2.488958853199759735e-01 3.614466920544266455e-04
2.512832652182526716e-01 3.731073669467867217e-04
2.536935445821884016e-01 3.855324933412734943e-04
2.561269430607507891e-01 3.987522677470055495e-04
2.585836824097523245e-01 4.127951988985040384e-04
2.610639865120630843e-01 4.276905733219326733e-04
2.635680813980090242e-01 4.434682829410627539e-04
2.660961952659744445e-01 4.601586312959032019e-04
2.686485585031933576e-01 4.777921161893336488e-04
2.712254037067490242e-01 4.963991866277871331e-04
2.738269657047669448e-01 5.160099720028470246e-04
2.764534815778160182e-01 5.366539815784403819e-04
2.791051906805157024e-01 5.583597725088073824e-04
2.817823346633444026e-01 5.811545848231951467e-04
2.844851574946656303e-01 6.050639420796169845e-04
2.872139054829562221e-01 6.301112167194632694e-04
2.899688272992572147e-01 6.563171595533149076e-04
2.927501739998303876e-01 6.836993932817429613e-04
2.955581990490420141e-01 7.122718705070427495e-04
2.983931583424561107e-01 7.420442973304722809e-04
3.012553102301590569e-01 7.736100748014664409e-04
3.041449155402983773e-01 8.082676351258501245e-04
3.070622376028567801e-01 8.459903319685001298e-04
3.100075422736444652e-01 8.866644676514197658e-04
3.129810979585316844e-01 9.301295859281816496e-04
3.159831756379042345e-01 9.761676631587868974e-04
3.190140488913595362e-01 1.024492384514911342e-03
3.220739939226403004e-01 1.074738894925197311e-03
3.251632895848001192e-01 1.126454534792222482e-03
3.282822174056208020e-01 1.179091188115050613e-03
3.314310616132626897e-01 1.231999976099319976e-03
3.346101091621717094e-01 1.284429110509374347e-03
3.378196497592240721e-01 1.335525763505234897e-03
3.410599758901330381e-01 1.384342798647176164e-03
3.443313828460973225e-01 1.430727287717884584e-03
3.476341687507167322e-01 1.476527969337558836e-03
3.509686345871545488e-01 1.521957319769701167e-03
3.543350842255718613e-01 1.567140000342934518e-03
3.577338244508134202e-01 1.612227011886627464e-03
3.611651649903710459e-01 1.657395725179313176e-03
3.646294185426035561e-01 1.702850055799151868e-03
3.681269008052356906e-01 1.748820850251773607e-03
3.716579305041295411e-01 1.795566552042468338e-03
3.752228294223249883e-01 1.843374218938405003e-03
3.788219224293698506e-01 1.892560966443975140e-03
3.824555375109190414e-01 1.943475917930537200e-03
3.861240057986303764e-01 1.996502749399881385e-03
3.898276616003341632e-01 2.052062927057879144e-03
3.935668424305049373e-01 2.110619749343956020e-03
3.973418890410131410e-01 2.172683322530019959e-03
4.011531454521839457e-01 2.238816621329065264e-03
4.050009589841416791e-01 2.309642814203591039e-03
4.088856802884673347e-01 2.385854068539730935e-03
4.128076633801472939e-01 2.470083214867751717e-03
4.167672656698410694e-01 2.564583979826255342e-03
4.207648479964463673e-01 2.669391263759500910e-03
4.248007746599850032e-01 2.784516524918797999e-03
4.288754134548040664e-01 2.909925733786145399e-03
4.329891357030870580e-01 3.045515663229656899e-03
4.371423162886994840e-01 3.191088744311166864e-03
4.413353336913449776e-01 3.346326595094573607e-03
4.455685700210633704e-01 3.510762509053613235e-03
4.498424110530451769e-01 3.683753391538431999e-03
4.541572462627944673e-01 3.864451855527101069e-03
4.585134688616147036e-01 4.051779426661113702e-03
4.629114758324494039e-01 4.244402053732315890e-03
4.673516679660517092e-01 4.440709361534802245e-03
4.718344498975161616e-01 4.642264664816751242e-03
4.763602301431452690e-01 4.852953145720803607e-03
4.809294211376856643e-01 5.073203691518577731e-03
4.855424392719063231e-01 5.303450275081143112e-03
4.901997049305471532e-01 5.544146565073018555e-03
4.949016425306317912e-01 5.795766819841955547e-03
4.996486805601377257e-01 6.058806821879915601e-03
5.044412516170526661e-01 6.333784854691679699e-03
5.092797924487888483e-01 6.621242724001088521e-03
5.141647439919920792e-01 6.921746825302465579e-03
5.190965514127163782e-01 7.235889259864518482e-03
5.240756641469999089e-01 7.564289001381980550e-03
5.291025359418140006e-01 7.907593115578046353e-03
5.341776248964216212e-01 8.266478035155101767e-03
5.393013935041153228e-01 8.643220785930452732e-03
5.444743086943729660e-01 9.040718484823349541e-03
5.496968418754003549e-01 9.459282338503915283e-03
5.549694689770994227e-01 9.899097526639493230e-03
5.602926704944323211e-01 1.036023148474143028e-02
5.656669315312118362e-01 1.084261473297540995e-02
5.710927418443125791e-01 1.134602075968094669e-02
5.765705958882946236e-01 1.187004514938449877e-02
5.821009928604725658e-01 1.241408420030673705e-02
5.876844367463974761e-01 1.297731333583532383e-02
5.933214363657952628e-01 1.355866567730708815e-02
5.990125054189258114e-01 1.415681121034839847e-02
6.047581625334057520e-01 1.477013704239366412e-02
6.105589313114615502e-01 1.539672931270472979e-02
6.164153403776555518e-01 1.603895506380942707e-02
6.223279234270490123e-01 1.670435954041143631e-02
6.282972192738484063e-01 1.739347544508812113e-02
6.343237719004986008e-01 1.810663222378448498e-02
6.404081305072595320e-01 1.884411547203731357e-02
6.465508495622589447e-01 1.960616211624820193e-02
6.527524888520123136e-01 2.039295541382958946e-02
6.590136135324463629e-01 2.120461978754958898e-02
6.653347941803909871e-01 2.204121551235537976e-02
6.717166068455875383e-01 2.290273327607696835e-02
6.781596331031723990e-01 2.378908863866079082e-02
6.846644601066875779e-01 2.470011641798643826e-02
6.912316806415769177e-01 2.563556503378182014e-02
6.978618931792176516e-01 2.659509084472456639e-02
7.045557019314481195e-01 2.757825251740651448e-02
7.113137169056409359e-01 2.858450546944928117e-02
7.181365539602811987e-01 2.961319643261427215e-02
7.250248348611019189e-01 3.066355818525907592e-02
7.319791873377350377e-01 3.173458397343003473e-02
7.390002451409206641e-01 3.281241550346994384e-02
7.460886481002659831e-01 3.389096843672389364e-02
7.532450421825415132e-01 3.497496366253226296e-02
7.604700795505612287e-01 3.606992289976036076e-02
7.677644186226011414e-01 3.718218761964110081e-02
7.751287241324141819e-01 3.831894792007230210e-02
7.825636671897940877e-01 3.948828412126730025e-02
7.900699253417469148e-01 4.069922405076365629e-02
7.976481826342232129e-01 4.196181926262568251e-02
8.052991296744674843e-01 4.328724381597862103e-02
8.130234636939411841e-01 4.468791975006969341e-02
8.208218886118737734e-01 4.617767407027226212e-02
8.286951150993981940e-01 4.777193294218497893e-02
8.366438606443273862e-01 4.948795711478994747e-02
8.446688496165278837e-01 5.134139553334883532e-02
8.527708133339356733e-01 5.334061962624331993e-02
8.609504901292076573e-01 5.549359598775118613e-02
8.692086254169930637e-01 5.780884399431860526e-02
8.775459717618773192e-01 6.029544257870356888e-02
8.859632889469493122e-01 6.296303525387084155e-02
8.944613440430545515e-01 6.582183280132493375e-02
9.030409114786841496e-01 6.888261298778154684e-02
9.117027731105631361e-01 7.215671661991771013e-02
9.204477182948863634e-01 7.565603918980277898e-02
9.292765439592673982e-01 7.939301730486376940e-02
9.381900546753477732e-01 8.338060903676360047e-02
9.471890627321324363e-01 8.763226726506498365e-02
9.562743882099999926e-01 9.216190503532238620e-02
